Participant Name: Tet
Participant Gender: f
Participant ID: 123
Test Date: 321
Maze Mode: testing
Trail No.:1 Begins
8.745623: 0,0,1,0
9.082375: 0,0,1,0
9.419624: 0,0,1,0
9.756624: 0,0,1,0
10.09363: 0,0,1,0
10.43031: 0,0,1,0
10.76729: 0,0,1,0
11.10463: 0,0,1,0
11.44125: 0,0,1,0
11.77862: 0,0,1,0
12.11522: 0,0,1,0
12.45262: 0,0,1,0
12.78963: 0,0,1,0
13.12866: 0,0,1,0
13.46564: 0,0,1,0
13.80496: 0,0,1,0
14.14362: 0,0,1,0
14.48011: 0,0,1,0
14.8171: 0,0,1,0
15.15408: 0,0,1,0
15.49268: 0,0,1,0
15.82963: 0,0,1,0
16.16662: 0,0,1,0
16.50312: 0,0,1,0
16.84011: 0,0,1,0
17.17762: 0,0,1,0
17.51407: 0,0,1,0
17.85262: 0,0,1,0
18.18963: 0,0,1,0
18.52762: 0,0,1,0
18.86424: 0,0,1,0
19.20162: 0,0,1,0
19.54211: 0,0,1,0
19.87909: 0,0,1,0
20.21666: 0,0,1,0
20.55305: 0,0,1,0
20.89062: 0,0,1,0
21.22702: 0,0,1,0
21.564: 0,0,1,0
21.90162: 0,0,1,0
22.23797: 0,0,1,0
22.57495: 0,0,1,0
22.91194: 0,0,1,0
23.24892: 0,0,1,0
23.5859: 0,0,1,0
23.92288: 0,0,1,0
24.25987: 0,0,1,0
24.59762: 0,0,1,0
24.93462: 0,0,1,0
25.27162: 0,0,1,0
25.60863: 0,0,1,0
25.9453: 0,0,1,0
26.28228: 0,0,1,0
26.61962: 0,0,1,0
26.95625: 0,0,1,0
27.29362: 0,0,1,0
27.63062: 0,0,1,0
27.96762: 0,0,1,0
28.30462: 0,0,1,0
28.64116: 0,0,1,0
28.97864: 0,0,1,0
29.31512: 0,0,1,0
29.65262: 0,0,1,0
30.07262: 0,0,1,0
30.41992: 0,0,1,0
30.7615: 0,0,1,0
31.0991: 0,0,1,0
31.43921: 0,0,1,0
31.77619: 0,0,1,0
32.11692: 0,0,1,0
32.45392: 0,0,1,0
32.79037: 0,0,1,0
33.12821: 0,0,1,0
33.46592: 0,0,1,0
33.80492: 0,0,1,0
34.14192: 0,0,1,0
34.47892: 0,0,1,0
34.81592: 0,0,1,0
Trail Result: success | time spent: 26.71672
Trail No.:1 Ends
