Participant Name: Vvvv
Participant Gender: 123
Participant ID: 321
Test Date: 123
Maze Mode: full
Trail No.:-1 Begins
22.15556: 0.4123948,-1.863315,0.8363746,211.8731
22.37778: 0.4027138,-1.863769,0.832584,232.2779
22.6: 0.3796151,-1.868537,0.8218099,255.4502
22.82222: 0.3543721,-1.874397,0.8143191,270.0239
23.04445: 0.3178985,-1.884203,0.8060225,286.247
23.26667: 0.2828782,-1.886675,0.8003951,296.976
23.48889: 0.240705,-1.880748,0.7997382,308.3435
23.71111: 0.176489,-1.711618,0.7898368,317.0529
23.93333: 0.1617385,-1.520251,0.778387,327.9887
24.15556: 0.1786656,-1.354663,0.7767338,332.9264
24.37778: 0.2217902,-1.180838,0.7757211,336.4355
24.6: 0.2752451,-1.014193,0.7768027,339.0989
24.82222: 0.3078502,-0.8980945,0.7781918,341.7238
25.04445: 0.3336493,-0.7438689,0.7794381,345.4575
25.26667: 0.3295834,-0.5870016,0.7812415,344.8505
25.48889: 0.2967013,-0.4347844,0.7824379,341.5967
25.71111: 0.2948109,-0.2637891,0.7824041,343.3651
25.93333: 0.3223335,-0.07994193,0.783141,344.1443
26.15556: 0.3585081,0.1077019,0.7830042,344.5892
26.37778: 0.4000427,0.2743452,0.7830671,344.7115
26.6: 0.441906,0.4384667,0.7837105,345.7601
26.82222: 0.4771702,0.6062385,0.7839285,346.1576
27.04445: 0.4920151,0.7758489,0.7847013,344.8104
27.26667: 0.4912509,0.9328253,0.7861733,343.8218
27.48889: 0.4767942,1.096886,0.7870386,343.958
27.71111: 0.4584339,1.249942,0.7868907,344.5125
Trail Result: Success | Time Spent: -2.147484E+09
Trail No.:-1 Ends
Trail No.:0 Begins
37.44445: 1.053313,-0.945863,0.7943609,330.3558
37.66667: 1.148566,-0.9708893,0.799823,333.1301
37.88889: 1.17534,-0.9793854,0.8076775,330.0753
38.11111: 1.301109,-1.007065,0.8213002,308.0543
38.33334: 1.340129,-1.093925,0.8277664,283.7788
38.55556: 1.375521,-1.22699,0.8392662,263.314
38.77778: 1.474041,-1.346732,0.8389018,237.9814
39: 1.633634,-1.433692,0.8467818,205.2016
39.22222: 1.829484,-1.430893,0.8560873,160.2196
39.44445: 2.010243,-1.396849,0.8640997,129.4283
39.66667: 2.150021,-1.414715,0.8593428,132.9401
39.88889: 2.174981,-1.532969,0.8520049,179.6821
40.11111: 2.11759,-1.594032,0.8465142,200.3955
40.33334: 2.084298,-1.647934,0.83775,206.1484
40.55556: 2.050424,-1.793328,0.8402798,196.8753
40.77778: 2.069161,-1.909376,0.8384715,197.574
41: 2.074452,-2.00616,0.8400748,209.8848
41.22222: 2.063596,-2.05605,0.8372363,219.2829
41.44445: 2.061374,-2.065724,0.8371403,221.1084
41.66667: 2.082135,-2.167592,0.8368701,222.318
41.88889: 2.092273,-2.287786,0.8378981,223.4814
Trail Result: Fail | Time Spent: -2.147484E+09
Trail No.:0 Ends
Trail No.:1 Begins
57.96667: 2.352546,-1.725395,0.800437,288.679
58.18889: 2.337176,-1.725354,0.7999963,295.5131
58.41111: 2.33909,-1.728945,0.7991225,292.4257
58.63334: 2.356821,-1.73456,0.8074715,282.5614
58.85556: 2.383804,-1.731467,0.8218404,277.0396
59.07778: 2.412813,-1.726791,0.8353596,273.2012
59.3: 2.441778,-1.724706,0.8414673,264.4672
