Participant Name: 
Participant Gender: 
Participant ID: 
Test Date: 
Maze Mode: testing
Trail No.:3 Begins
18.7: 0.1378902,2.171515,1.155261,39.53878
18.92222: 0.1398187,2.170077,1.154735,36.98933
19.14445: 0.1431912,2.17104,1.157675,28.70683
19.36667: 0.1407945,2.175946,1.165929,359.134
19.58889: 0.13012,2.158638,1.172356,315.9177
19.81111: 0.1263545,2.117728,1.171897,272.0839
20.03333: 0.1429251,2.078454,1.164668,239.395
20.25556: 0.1740212,2.043953,1.15973,212.8061
20.47778: 0.2105972,2.028108,1.152963,191.4557
20.7: 0.2417111,2.02235,1.147271,175.1663
20.92222: 0.2521296,2.022017,1.143877,169.1758
21.14445: 0.2367469,2.023617,1.145895,171.1642
21.36667: 0.2160741,2.028431,1.161712,176.9627
21.58889: 0.2060962,2.037637,1.175703,180.323
21.81111: 0.2010136,2.037416,1.176381,182.1003
22.03333: 0.2002909,2.037859,1.174965,181.8251
22.25556: 0.1991167,2.027002,1.171682,184.0601
22.47778: 0.1879251,2.018155,1.165417,187.4608
22.7: 0.1524777,1.969179,1.155206,189.9949
22.92222: 0.1264994,1.920007,1.14129,190.5459
23.14445: 0.1115212,1.883075,1.100179,191.1857
23.36667: 0.102021,1.842955,1.094282,197.6346
23.58889: 0.1428554,1.818444,1.15011,201.4092
23.81111: 0.1823258,1.85412,1.178844,230.4507
24.03333: 0.1741357,1.924722,1.171761,203.9054
24.25556: 0.1922004,1.991207,1.159355,189.933
24.47778: 0.2022896,2.014788,1.161854,182.1222
24.7: 0.2105877,2.027818,1.167775,181.8429
24.92222: 0.2114329,2.031296,1.168392,181.3394
25.14445: 0.2126315,2.032814,1.168131,180.2085
25.36667: 0.2123117,2.035747,1.170165,179.7934
25.58889: 0.2071512,2.04131,1.177942,183.8041
25.81111: 0.2025445,2.044987,1.181214,185.7541
26.03333: 0.1996816,2.046777,1.182204,185.9699
26.25556: 0.1944737,2.049652,1.183969,189.1281
26.47778: 0.1812471,2.053914,1.186528,196.9934
26.7: 0.1806557,2.053682,1.183483,195.8539
26.92222: 0.1947925,2.057151,1.181287,193.2255
27.14445: 0.224984,1.990569,1.182213,190.9354
27.36667: 0.2366428,1.872953,1.182898,189.0448
27.58889: 0.2106377,1.748088,1.183721,187.8855
27.81111: 0.1448932,1.631864,1.186315,192.1755
28.03333: 0.01333153,1.560682,1.183102,218.6259
28.25556: -0.1507874,1.525802,1.179717,238.8546
28.47778: -0.2869309,1.496992,1.182208,244.6407
28.7: -0.3935522,1.477871,1.18729,257.598
28.92222: -0.4461443,1.436592,1.188655,249.6529
29.14445: -0.4421974,1.349782,1.194038,226.0154
29.36667: -0.4288015,1.228909,1.196566,212.2476
29.58889: -0.3904352,1.084505,1.194816,190.4267
29.81111: -0.3097811,0.9374542,1.196906,173.8953
30.03333: -0.1896695,0.8084702,1.198179,164.1537
30.25556: -0.04555535,0.7035203,1.20041,157.6719
30.47778: 0.1180617,0.6261063,1.198432,155.3561
30.7: 0.3118048,0.5682616,1.195293,153.0123
30.92222: 0.5003213,0.5215007,1.193876,152.2822
31.14445: 0.68532,0.476804,1.189433,147.8557
31.36667: 0.8544942,0.4471161,1.183775,135.755
31.58889: 1.002193,0.4136677,1.179722,128.3498
31.81111: 1.128477,0.3532847,1.18272,130.3375
32.03333: 1.237043,0.2461907,1.186123,133.2094
32.25556: 1.317237,0.1050908,1.185594,133.2743
32.47778: 1.348589,-0.02009618,1.192224,150.8201
32.7: 1.379852,-0.1528362,1.194069,170.5135
32.92222: 1.426649,-0.27589,1.191127,178.6531
33.14444: 1.475328,-0.384626,1.191256,187.5862
33.36667: 1.542813,-0.4991066,1.193647,218.7149
33.58889: 1.572217,-0.6197295,1.186839,255.2979
33.81111: 1.537377,-0.7342182,1.157121,283.376
34.03333: 1.465885,-0.7730405,1.157578,293.5794
34.25556: 1.372065,-0.7840521,1.158768,294.8065
34.47778: 1.273266,-0.805485,1.166372,286.6383
34.7: 1.170704,-0.8399426,1.170742,276.4799
34.92222: 1.049923,-0.9001456,1.175135,268.1909
35.14444: 0.944115,-0.9668815,1.176799,263.9
35.36667: 0.8515208,-1.042606,1.181119,259.4971
35.58889: 0.7907721,-1.119306,1.190808,253.1095
35.81111: 0.7320716,-1.186863,1.20743,247.2372
36.03333: 0.6722192,-1.242798,1.21963,243.9643
36.25556: 0.6061435,-1.287806,1.225735,242.3885
36.47778: 0.5427511,-1.321379,1.226253,239.7039
36.7: 0.4798936,-1.366901,1.224426,233.1966
36.92222: 0.4289868,-1.436837,1.222904,226.9188
37.14444: 0.3887888,-1.562626,1.22086,222.7996
37.36667: 0.3774999,-1.714684,1.218484,220.5685
37.58889: 0.3916607,-1.878163,1.215944,218.9225
37.81111: 0.4287299,-2.038877,1.21243,216.4624
38.03333: 0.5137563,-2.217472,1.202255,203.1474
38.25556: 0.6303532,-2.392459,1.194021,194.8895
38.47778: 0.7449391,-2.553009,1.194151,194.7699
38.7: 0.7648914,-2.583234,1.193706,212.3288
38.92222: 0.7469907,-2.53048,1.185203,253.9883
39.14444: 0.7599508,-2.476697,1.179114,280.8671
39.36667: 0.8078222,-2.362288,1.178112,296.4401
39.58889: 0.8381646,-2.229556,1.179549,301.3246
39.81111: 0.7895791,-2.094671,1.179611,297.1834
40.03333: 0.6973042,-1.967507,1.182141,295.8274
40.25556: 0.5846752,-1.870026,1.187739,290.2837
40.47778: 0.4524668,-1.806886,1.194575,276.4253
40.7: 0.323244,-1.771791,1.19724,266.4593
40.92222: 0.1886004,-1.760868,1.197098,256.472
41.14445: 0.06562054,-1.782219,1.190275,254.9936
41.36667: -0.05907643,-1.833026,1.190031,255.5411
41.58889: -0.1811634,-1.898403,1.192466,258.6602
41.81111: -0.2707798,-1.964206,1.198942,267.6393
42.03333: -0.3499391,-2.050414,1.2011,275.9036
42.25556: -0.4245467,-2.147062,1.198767,281.6231
42.47778: -0.4851208,-2.245457,1.187755,303.2477
42.7: -0.5918673,-2.376509,1.185276,294.8097
42.92222: -0.6908548,-2.50166,1.18219,267.6693
43.14445: -0.6783661,-2.476138,1.190458,264.4782
43.36667: -0.685427,-2.443581,1.195251,262.1364
43.58889: -0.6999776,-2.421422,1.196371,259.5407
43.81111: -0.707966,-2.411916,1.197231,254.7565
Trail Result: Fail | Time Spent: 25.38168
Trail No.:3 Ends
Participant Name: 
Participant Gender: 
Participant ID: 
Test Date: 
Maze Mode: testing
Trail No.:1 Begins
19.1: 0.1428789,1.998714,1.119266,23.5849
19.32222: 0.1526104,2.000131,1.124115,23.57422
19.54445: 0.1744645,2.004824,1.130842,22.86025
19.76667: 0.1849642,2.00321,1.134085,20.95369
19.98889: 0.1792434,2.003599,1.134885,15.64846
20.21111: 0.1551914,2.013753,1.138701,348.8368
20.43333: 0.1059177,2.00954,1.14144,296.5852
20.65556: 0.09494472,1.992668,1.139899,254.0049
20.87778: 0.09585166,1.978412,1.130611,212.1607
21.1: 0.1046493,1.971027,1.120136,192.2959
21.32222: 0.1150626,1.967473,1.123045,186.4023
21.54445: 0.119559,1.959361,1.120946,184.5418
21.76667: 0.1228807,1.959044,1.119664,182.5404
21.98889: 0.1272576,1.961934,1.118247,179.3434
22.21111: 0.129601,1.963085,1.117378,176.2055
22.43333: 0.1433408,1.945898,1.141735,168.6903
22.65556: 0.1677909,1.938544,1.18439,156.2495
22.87778: 0.1692625,1.933462,1.175817,156.0569
23.1: 0.1571598,1.917489,1.16852,161.0423
23.32222: 0.1457542,1.884806,1.15606,168.2879
23.54445: 0.1353152,1.827395,1.134353,170.2609
23.76667: 0.1358255,1.780154,1.120032,168.8239
23.98889: 0.1333637,1.768908,1.122454,169.7982
24.21111: 0.1424499,1.773617,1.121451,170.6
24.43333: 0.1504831,1.773933,1.121614,170.1444
24.65556: 0.1520736,1.77578,1.120547,171.588
24.87778: 0.1479725,1.774858,1.119081,172.1238
25.1: 0.1454792,1.776522,1.118446,172.5221
25.32222: 0.1457385,1.777381,1.117768,172.8709
25.54445: 0.1525905,1.77858,1.121074,172.7707
25.76667: 0.1567775,1.779449,1.121906,173.173
25.98889: 0.159622,1.779935,1.122481,173.3918
26.21111: 0.1593584,1.78183,1.122069,173.8007
26.43333: 0.1591666,1.781812,1.121612,173.8284
26.65556: 0.1583217,1.782474,1.121128,173.9604
26.87778: 0.1569104,1.783179,1.119877,174.7061
27.1: 0.1595485,1.782457,1.120565,174.5931
27.32222: 0.1647437,1.782314,1.121717,174.0058
27.54445: 0.1663429,1.778451,1.122845,173.1337
27.76667: 0.1649482,1.778667,1.122494,173.8836
27.98889: 0.162413,1.779571,1.121095,173.9584
28.21111: 0.1621135,1.780822,1.120831,174.4498
28.43333: 0.1650959,1.779652,1.121889,173.7858
28.65556: 0.1640134,1.780349,1.121306,174.189
28.87778: 0.1633928,1.78091,1.121233,174.2302
29.1: 0.1603546,1.781719,1.120009,174.7781
29.32222: 0.1590828,1.781957,1.119577,174.8589
29.54445: 0.1587052,1.782326,1.119205,174.9851
29.76667: 0.1587446,1.78288,1.119053,175.0849
29.98889: 0.1583475,1.782954,1.118772,175.084
30.21111: 0.1580596,1.783591,1.118313,175.1237
30.43333: 0.1566702,1.784599,1.117314,175.4873
30.65556: 0.1564834,1.784298,1.117304,175.4435
30.87778: 0.1554503,1.784423,1.116667,175.5988
31.1: 0.1551266,1.78497,1.116302,175.7233
31.32222: 0.1550899,1.784945,1.116171,175.7353
31.54445: 0.1549195,1.785549,1.115882,175.8583
31.76667: 0.1551163,1.785749,1.115914,175.8742
31.98889: 0.1545606,1.785907,1.115358,175.9842
32.21111: 0.1550177,1.786237,1.115611,176.0741
32.43333: 0.155321,1.786192,1.115433,175.9783
32.65556: 0.1545447,1.786932,1.115129,176.1472
32.87778: 0.1540102,1.786659,1.114899,176.1976
33.1: 0.1544156,1.787005,1.114874,176.2482
33.32222: 0.154618,1.787269,1.114819,176.2652
33.54445: 0.1543243,1.787134,1.114705,176.2743
33.76667: 0.154214,1.787193,1.114443,176.3226
33.98889: 0.1548693,1.786721,1.114614,176.0181
34.21111: 0.1482725,1.786482,1.108895,176.4315
34.43333: 0.1234541,1.813417,1.074039,190.7135
34.65556: 0.119556,1.82615,1.061643,195.6709
34.87778: 0.1197844,1.823606,1.062845,194.9196
35.1: 0.1230311,1.79971,1.091595,179.2956
35.32222: 0.1391753,1.786983,1.103103,171.8625
35.54445: 0.1427712,1.791909,1.103695,174.1731
35.76667: 0.1433733,1.792586,1.101028,176.8832
35.98889: 0.1377379,1.819616,1.079392,180.8335
36.21111: 0.152437,1.833122,1.07522,169.3675
36.43333: 0.1466775,1.874621,1.098156,172.775
36.65556: 0.1914555,1.908491,1.114795,137.2528
36.87778: 0.2480936,1.986295,1.12538,80.76688
37.1: 0.2731172,2.042467,1.136294,66.10245
37.32222: 0.2755073,2.072,1.141341,64.19915
37.54445: 0.2602582,2.031759,1.143264,93.26495
37.76667: 0.1999669,1.964993,1.13105,144.0926
37.98889: 0.1249901,1.921209,1.122772,179.0632
38.21111: 0.1081548,1.872036,1.127038,173.672
38.43333: 0.1165831,1.821256,1.117286,167.6641
38.65556: 0.1219172,1.802916,1.101143,171.8309
38.87778: 0.1348479,1.794989,1.10284,169.0045
39.1: 0.1464897,1.800955,1.102907,169.0347
Participant Name: 
Participant Gender: 
Participant ID: 
Test Date: 
Maze Mode: testing
Trail No.:3 Begins
Participant Name: 
Participant Gender: 
Participant ID: 
Test Date: 
Maze Mode: testing
Trail No.:1 Begins
17.95556: 0.1840253,2.399742,1.120356,70.14227
18.17778: 0.1834037,2.398176,1.118412,68.07787
18.4: 0.1929455,2.402455,1.11583,63.5331
18.62222: 0.2021306,2.408454,1.114768,55.41678
18.84444: 0.2062979,2.414572,1.119141,38.78943
19.06667: 0.200973,2.418564,1.125919,17.78982
19.28889: 0.1971412,2.417304,1.131076,358.2891
19.51111: 0.1947545,2.405657,1.13367,334.7978
19.73333: 0.1816716,2.379831,1.137488,302.9069
19.95556: 0.1752574,2.326482,1.136539,262.2263
20.17778: 0.1921566,2.256007,1.148674,220.6868
20.4: 0.219321,2.220112,1.150627,199.7002
20.62222: 0.2409048,2.192196,1.150815,184.9835
20.84444: 0.2342275,2.142765,1.14996,175.103
21.06667: 0.1945922,2.087673,1.129702,172.278
21.28889: 0.1992803,2.061857,1.126115,168.9067
21.51111: 0.2550927,2.027564,1.135467,166.7937
21.73333: 0.3472352,1.980789,1.068823,150.8688
21.95556: 0.4470732,1.959734,0.9504756,121.2089
22.17778: 0.547179,1.944968,0.8707655,101.2807
22.4: 0.6027305,1.934043,0.8141968,90.50065
22.62222: 0.6131446,1.922048,0.7842798,86.67175
22.84444: 0.6045427,1.906887,0.7694725,87.67602
23.06667: 0.6062737,1.903202,0.7667638,87.03099
23.28889: 0.6191056,1.903155,0.760864,85.21447
23.51111: 0.625181,1.901048,0.7551222,87.28014
23.73333: 0.6272702,1.894314,0.7502407,88.23098
Participant Name: 
Participant Gender: 
Participant ID: 
Test Date: 
Maze Mode: testing
Trail No.:3 Begins
17.32222: 0.1988147,2.036652,1.132269,28.88195
17.54445: 0.199689,2.035089,1.131836,29.29697
17.76667: 0.2030834,2.02177,1.133698,36.36636
17.98889: 0.1976343,2.015871,1.134085,38.52568
18.21111: 0.2043267,2.004747,1.129316,45.35948
18.43333: 0.210348,1.995758,1.126593,49.12751
18.65556: 0.2116603,1.999201,1.127614,46.37847
18.87778: 0.1940981,2.031664,1.143988,9.097148
19.1: 0.1574466,2.043792,1.156033,307.1687
19.32222: 0.1478573,2.034548,1.154557,254.3416
19.54445: 0.135446,2.038244,1.148776,236.2524
19.76667: 0.1308573,2.013319,1.145256,216.2229
19.98889: 0.1319029,1.98791,1.135195,203.2251
20.21111: 0.1520245,1.964571,1.135202,189.693
20.43333: 0.1788263,1.946503,1.132837,176.3576
20.65556: 0.2005585,1.932575,1.127604,167.4147
20.87778: 0.2097534,1.900733,1.121697,166.1269
21.1: 0.2126528,1.861598,1.133372,158.5246
21.32222: 0.2759839,1.813993,1.124213,148.6468
21.54445: 0.4199535,1.750472,1.048777,127.2701
21.76667: 0.544608,1.70637,0.9297407,108.4808
21.98889: 0.6179737,1.65927,0.8416954,95.60474
22.21111: 0.6361145,1.645531,0.8134909,89.76972
22.43333: 0.6394411,1.64144,0.7929355,88.01173
22.65556: 0.6360029,1.634762,0.7742949,87.42687
22.87778: 0.6383394,1.630247,0.773415,88.27232
23.1: 0.6379036,1.629642,0.7695608,90.61113
23.32222: 0.6289135,1.624663,0.7585626,92.80956
23.54445: 0.6034068,1.627338,0.7262154,93.16419
Participant Name: 
Participant Gender: 
Participant ID: 
Test Date: 
Maze Mode: testing
Trail No.:1 Begins
22.85556: 0.1516118,2.142347,1.179021,40.91981
23.07778: 0.1508749,2.144545,1.180001,40.53735
23.3: 0.1446102,2.144201,1.181699,37.79657
23.52222: 0.1072353,2.158957,1.185887,4.30023
23.74445: 0.01939416,2.134882,1.197606,307.5213
23.96667: 0.002948999,2.044238,1.210134,264.9663
24.18889: 0.04800427,2.00408,1.217119,219.8593
24.41111: 0.09417224,2.000922,1.21589,187.6891
24.63333: 0.1212298,1.991215,1.207837,174.8818
24.85556: 0.1205257,1.964468,1.187197,175.7117
25.07778: 0.1237322,1.920514,1.166868,176.436
25.3: 0.125941,1.873155,1.142869,174.7472
25.52222: 0.1273675,1.84775,1.126259,175.0099
25.74445: 0.1288798,1.843944,1.122745,175.2388
25.96667: 0.1361713,1.844854,1.123299,173.6331
26.18889: 0.1287651,1.84718,1.12257,175.771
26.41111: 0.1135982,1.848128,1.118049,178.4379
26.63333: 0.1088364,1.849253,1.116984,178.682
26.85556: 0.1071754,1.8493,1.116586,178.7676
27.07778: 0.1079742,1.851162,1.116217,178.7347
27.3: 0.1103545,1.850198,1.117046,178.259
27.52222: 0.1110137,1.851113,1.117066,178.3685
27.74445: 0.1115632,1.850734,1.117364,178.1275
27.96667: 0.1151235,1.850006,1.118917,177.0772
28.18889: 0.119718,1.849959,1.120297,176.1101
28.41111: 0.1222606,1.8503,1.120946,176.4479
28.63333: 0.1226088,1.851362,1.120771,176.9234
28.85556: 0.1225581,1.85091,1.120744,176.8873
29.07778: 0.12286,1.851399,1.12053,176.8982
Participant Name: 
Participant Gender: 
Participant ID: 
Test Date: 
Maze Mode: testing
Trail No.:3 Begins
16.85556: 0.2538712,1.944019,1.1757,24.25927
17.07778: 0.2564057,1.941629,1.178134,28.60273
17.3: 0.2583665,1.937532,1.177878,32.62006
17.52222: 0.2619482,1.933471,1.176967,39.89434
17.74445: 0.2664031,1.932468,1.175113,42.41622
17.96667: 0.2403364,1.94514,1.184578,20.86418
18.18889: 0.1739751,1.931286,1.194072,314.6056
18.41111: 0.169597,1.890783,1.186534,261.1061
18.63333: 0.1923885,1.869818,1.182881,226.7314
18.85556: 0.2143608,1.848688,1.173593,204.8473
19.07778: 0.2380811,1.830809,1.170493,190.7027
19.3: 0.2619265,1.81692,1.165254,176.7832
19.52222: 0.2695007,1.815936,1.170751,172.4525
19.74445: 0.248876,1.825603,1.176769,175.7738
19.96667: 0.2261428,1.830136,1.174936,179.3413
20.18889: 0.2143823,1.821096,1.168828,183.5408
20.41111: 0.2091703,1.815677,1.171264,187.8535
20.63333: 0.2140177,1.831137,1.182673,188.4408
20.85556: 0.2229092,1.848021,1.183659,187.8638
21.07778: 0.234235,1.859653,1.184342,187.3678
21.3: 0.2520138,1.866964,1.181058,185.4926
21.52222: 0.2762957,1.869786,1.180379,175.6117
21.74445: 0.2923218,1.877328,1.17949,166.4101
21.96667: 0.2950696,1.885106,1.177862,162.8578
22.18889: 0.2812217,1.891175,1.174101,166.9496
22.41111: 0.2558535,1.873348,1.168215,170.1164
22.63333: 0.2383348,1.844053,1.167195,167.6861
22.85556: 0.2316617,1.828379,1.158315,168.4216
23.07778: 0.2391189,1.81702,1.161341,167.7292
23.3: 0.2561651,1.794927,1.16082,167.233
23.52222: 0.2650007,1.75082,1.158206,169.3136
23.74445: 0.274835,1.701267,1.158569,166.1826
23.96667: 0.2818688,1.667915,1.146318,165.301
24.18889: 0.2816404,1.650676,1.146926,164.5159
24.41111: 0.280378,1.644606,1.146518,164.1491
24.63333: 0.2782332,1.636116,1.147535,164.3741
24.85556: 0.2780237,1.632472,1.149252,166.0301
25.07778: 0.2719922,1.630403,1.1488,167.2173
25.3: 0.266893,1.62457,1.148721,168.1745
25.52222: 0.2638898,1.625983,1.148045,167.8074
25.74445: 0.2644073,1.628104,1.147692,168.6157
25.96667: 0.2641578,1.630228,1.147412,169.2721
26.18889: 0.2641202,1.629055,1.147513,169.0321
26.41111: 0.2651373,1.629746,1.14741,169.072
26.63333: 0.2652756,1.630596,1.147321,169.084
26.85556: 0.2659081,1.630937,1.14731,169.0898
27.07778: 0.2660536,1.631644,1.147303,169.0207
27.3: 0.2658963,1.631739,1.146953,168.9806
27.52222: 0.2665498,1.631958,1.147357,168.9178
27.74445: 0.2668639,1.632541,1.147301,168.7616
27.96667: 0.2663502,1.632535,1.147066,168.7527
28.18889: 0.2670285,1.633088,1.146937,168.7737
28.41111: 0.2672631,1.633314,1.14706,168.7965
28.63333: 0.2676654,1.634035,1.146946,168.8147
28.85556: 0.2684482,1.633803,1.147217,168.8976
29.07778: 0.2683052,1.632907,1.147208,168.8666
29.3: 0.2682062,1.633818,1.147189,168.946
29.52222: 0.2684098,1.633821,1.147051,169.097
29.74445: 0.2694671,1.634185,1.14739,169.0693
29.96667: 0.269284,1.633875,1.147149,168.9374
30.18889: 0.2688125,1.634345,1.146767,168.9325
30.41111: 0.2688882,1.63428,1.146825,168.8872
30.63333: 0.2691588,1.63447,1.14696,168.8647
30.85556: 0.2690759,1.634285,1.146733,168.8858
31.07778: 0.2687613,1.634357,1.146839,168.769
31.3: 0.2686428,1.634233,1.146584,168.7787
31.52222: 0.2689918,1.634632,1.146752,168.803
31.74445: 0.2688297,1.634632,1.146603,168.7578
Participant Name: 
Participant Gender: 
Participant ID: 
Test Date: 
Maze Mode: testing
Participant Name: 
Participant Gender: 
Participant ID: 
Test Date: 
Maze Mode: testing
Trail No.:2 Begins
21.77778: 0.358151,1.905656,1.156385,14.66501
22: 0.3643718,1.894138,1.160373,22.05368
22.22222: 0.3663011,1.880489,1.158691,25.01956
22.44444: 0.3624547,1.889421,1.159439,6.219926
22.66667: 0.3319342,1.902584,1.162914,325.2072
22.88889: 0.3021857,1.870428,1.169662,267.0294
23.11111: 0.3067616,1.829565,1.168815,224.5141
23.33333: 0.3161086,1.809197,1.16078,211.2839
23.55556: 0.2870225,1.722169,1.164576,203.4027
23.77778: 0.1914066,1.613297,1.166478,206.287
24: 0.05994761,1.553106,1.167392,225.9334
24.22222: -0.0794853,1.496344,1.170385,234.7921
24.44444: -0.2271349,1.462979,1.172195,241.1729
24.66667: -0.3459184,1.446973,1.176538,251.5027
24.88889: -0.4886234,1.429865,1.177249,258.1917
25.11111: -0.6138464,1.4213,1.17937,264.4677
25.33333: -0.7525127,1.4158,1.181568,275.7816
25.55556: -0.8834743,1.40672,1.184645,290.7798
25.77778: -1.029794,1.396,1.187533,285.2133
26: -1.164532,1.38817,1.187736,281.9617
26.22222: -1.308493,1.370667,1.189005,275.6709
26.44444: -1.461973,1.328755,1.19756,251.9181
26.66667: -1.604963,1.237432,1.201417,208.5543
26.88889: -1.674497,1.098003,1.199251,166.0043
27.11111: -1.693006,0.9547633,1.201639,143.9821
27.33333: -1.681224,0.9302126,1.196073,129.7081
27.55556: -1.639262,0.7737044,1.196674,134.9315
27.77778: -1.591299,0.6019779,1.196931,139.791
28: -1.540049,0.438903,1.199158,141.2209
28.22222: -1.497581,0.2904237,1.2057,142.9851
28.44444: -1.44382,0.134909,1.209388,142.3514
28.66667: -1.385947,-0.01426011,1.214432,140.7338
28.88889: -1.318052,-0.1493402,1.218535,136.4659
29.11111: -1.250705,-0.2709241,1.22087,130.5606
29.33333: -1.177615,-0.3998207,1.223687,133.1186
29.55556: -1.129824,-0.5292857,1.227284,169.6473
29.77778: -1.076275,-0.633213,1.229883,196.5936
30: -1.060553,-0.6211644,1.23392,220.5779
30.22222: -1.046971,-0.6258555,1.229005,220.5845
30.44444: -1.037304,-0.6282004,1.23119,218.0025
Trail Result: Fail | Time Spent: 8.885513
Trail No.:2 Ends
Trail No.:1 Begins
53.56667: 0.3466089,1.910642,1.145585,14.19834
53.78889: 0.3434625,1.911521,1.14853,6.556462
54.01111: 0.3325768,1.909115,1.153706,335.2646
54.23333: 0.3296748,1.893116,1.157296,297.719
54.45556: 0.3411213,1.879141,1.159264,262.7947
54.67778: 0.3548613,1.865361,1.156645,231.8192
54.9: 0.3825763,1.849985,1.153873,198.9403
55.12222: 0.3954837,1.828948,1.157308,188.7961
55.34444: 0.398252,1.679768,1.167679,188.7828
55.56667: 0.4056922,1.537439,1.17461,191.3048
55.78889: 0.4122171,1.38798,1.168617,188.8085
56.01111: 0.4016336,1.248056,1.165051,186.9152
56.23333: 0.3699986,1.082214,1.16012,185.6709
56.45556: 0.323589,0.9251733,1.157644,185.6657
56.67778: 0.2639112,0.7665792,1.154704,186.1032
56.9: 0.2054836,0.6113768,1.153069,185.0043
57.12222: 0.1458839,0.4645891,1.151468,184.7188
57.34444: 0.08537531,0.3117113,1.149677,183.9233
57.56667: 0.03044188,0.1660496,1.15086,184.1715
57.78889: -0.02511525,0.01395041,1.152053,182.8771
58.01111: -0.08384609,-0.1394705,1.152597,182.5255
58.23333: -0.1262341,-0.2822885,1.154072,175.4552
58.45556: -0.1097119,-0.4195998,1.155748,161.0532
58.67778: -0.04141295,-0.5333642,1.156118,149.7731
58.9: 0.05823636,-0.6357983,1.154277,140.5473
59.12222: 0.1667061,-0.7244996,1.151446,137.829
59.34444: 0.2689787,-0.8057822,1.154898,142.2657
59.56667: 0.2494621,-0.8418138,1.164966,187.7356
59.78889: 0.1937702,-0.7954847,1.165296,260.6727
60.01111: 0.206691,-0.7548537,1.156032,315.3803
60.23333: 0.2201556,-0.7510406,1.151412,341.9385
60.45556: 0.2244458,-0.7460756,1.148709,1.681145
60.67778: 0.2767696,-0.6105583,1.146401,15.0421
60.9: 0.3375273,-0.4624166,1.150488,21.34568
61.12222: 0.3914039,-0.3239721,1.143474,24.38033
61.34444: 0.4326234,-0.1937777,1.136074,22.8787
61.56667: 0.4833266,-0.07485801,1.130815,21.26412
61.78889: 0.5437385,0.03801483,1.129828,20.36133
62.01111: 0.6027002,0.1642724,1.129565,20.05983
62.23333: 0.6446596,0.2852009,1.135113,16.93716
62.45556: 0.6520901,0.349036,1.146565,11.53893
62.67778: 0.6546361,0.344251,1.149311,10.11656
Trail Result: Fail | Time Spent: 9.371311
Trail No.:1 Ends
Trail No.:3 Begins
Trail Result: Success | Time Spent: 0.01259613
Trail No.:3 Ends
Participant Name: 
Participant Gender: 
Participant ID: 
Test Date: 
Maze Mode: testing
Trail No.:3 Begins
23.43333: 0.3063977,1.969,1.153994,23.04675
23.65556: 0.3095915,1.968617,1.154096,22.92213
23.87778: 0.31426,1.969568,1.154105,23.14588
24.1: 0.3148005,1.968482,1.154725,23.17016
24.32222: 0.3113899,1.964134,1.155596,22.65267
24.54445: 0.309893,1.963333,1.155569,22.1921
24.76667: 0.3064417,1.969693,1.152273,17.16913
24.98889: 0.2897966,1.974627,1.14703,359.9354
25.21111: 0.2661393,1.970803,1.145128,340.6194
25.43333: 0.2303356,1.937247,1.143335,295.7848
25.65556: 0.2174892,1.87492,1.145458,249.5785
25.87778: 0.2309892,1.834332,1.141709,217.6732
26.1: 0.2490356,1.815987,1.137385,203.4318
26.32222: 0.2782423,1.815613,1.143732,190.8629
26.54445: 0.2942501,1.831647,1.150213,186.6859
26.76667: 0.3057671,1.835647,1.153369,180.694
26.98889: 0.3056662,1.837454,1.154381,179.8229
27.21111: 0.3037857,1.837139,1.152749,179.3951
27.43333: 0.3114265,1.833398,1.148134,172.0827
27.65556: 0.3234961,1.825601,1.143982,162.235
27.87778: 0.3304479,1.823575,1.14318,156.6664
28.1: 0.3177763,1.814262,1.143138,165.6813
28.32222: 0.2992387,1.795398,1.163707,181.2833
28.54445: 0.2902019,1.793052,1.171361,179.4186
28.76667: 0.2928159,1.766804,1.166125,176.4567
28.98889: 0.2945018,1.718855,1.151627,178.1064
29.21111: 0.2964531,1.677141,1.129892,178.9067
29.43333: 0.3001701,1.650188,1.118487,178.2124
29.65556: 0.3022587,1.637717,1.111711,177.0362
29.87778: 0.3056482,1.647373,1.110957,174.7563
30.1: 0.3101251,1.686308,1.104782,168.8981
30.32222: 0.3294239,1.720346,1.122388,153.0683
30.54445: 0.3283288,1.749754,1.127028,153.0715
30.76667: 0.4255383,1.664957,1.138679,157.3214
30.98889: 0.5226965,1.573645,1.148896,166.3197
31.21111: 0.6232302,1.490136,1.15831,169.2389
31.43333: 0.6849082,1.421867,1.159337,181.9461
Trail Result: Fail | Time Spent: 8.381187
Trail No.:3 Ends
Participant Name: 
Participant Gender: 
Participant ID: 
Test Date: 
Maze Mode: testing
Trail No.:1 Begins
Trail Result: Fail | Time Spent: 0.01273727
Trail No.:1 Ends
Participant Name: 
Participant Gender: 
Participant ID: 
Test Date: 
Maze Mode: testing
Trail No.:1 Begins
Trail Result: Fail | Time Spent: 0.01328659
Trail No.:1 Ends
Participant Name: 
Participant Gender: 
Participant ID: 
Test Date: 
Maze Mode: testing
Trail No.:2 Begins
Participant Name: 
Participant Gender: 
Participant ID: 
Test Date: 
Maze Mode: testing
Trail No.:3 Begins
User confirmed on object: apple, this maze officially starts.
Trail Result: Success object: banana | Time Spent: 0.01422501
Trail No.:3 Ends
Participant Name: 
Participant Gender: 
Participant ID: 
Test Date: 
Maze Mode: testing
Trail No.:2 Begins
User confirmed on object: apple, this maze officially starts.
Trail Result: Fail at object: banana | Time Spent: 0.01396179
Trail No.:2 Ends
Participant Name: 
Participant Gender: 
Participant ID: 
Test Date: 
Maze Mode: testing
Trail No.:1 Begins
User confirmed on object: apple, this maze officially starts.
21.97778: 1.038052,2.521357,1.153191,235.4628
22.2: 1.039475,2.509634,1.151982,229.7228
22.42222: 1.079968,2.480403,1.151657,225.1944
22.64445: 1.199423,2.354487,1.151631,227.2859
22.86667: 1.212472,2.354064,1.147931,243.687
Trail Result: Fail at object: grape | Time Spent: 1.21542
Trail No.:1 Ends
Participant Name: 
Participant Gender: 
Participant ID: 
Test Date: 
Maze Mode: full
Trail No.:-1 Begins
19.21111: 0.7110535,-1.81144,1.081679,219.8703
19.43333: 0.7094188,-1.808604,1.081172,222.1885
19.65556: 0.7059956,-1.808769,1.079336,228.1566
19.87778: 0.6836371,-1.765631,1.078013,238.836
20.1: 0.5925707,-1.668517,1.079651,247.272
20.32222: 0.5041133,-1.557643,1.089087,240.5361
20.54445: 0.4608622,-1.447447,1.10283,228.2532
20.76667: 0.4305384,-1.355835,1.106351,222.9196
20.98889: 0.502858,-1.322121,1.117526,184.0316
21.21111: 0.6175567,-1.238013,1.119524,157.1609
21.43333: 0.7136292,-1.150865,1.119946,147.4695
21.65556: 0.7630925,-1.062494,1.124452,173.4949
21.87778: 0.7579786,-0.9100404,1.122706,223.2627
22.1: 0.7256189,-0.7345083,1.117808,254.1737
22.32222: 0.663066,-0.5771165,1.117256,259.6129
22.54445: 0.6043187,-0.4469922,1.114239,262.3605
22.76667: 0.527562,-0.3137696,1.1186,263.3161
22.98889: 0.5065485,-0.1858597,1.145018,254.8463
23.21111: 0.5009892,-0.05806381,1.147992,245.6964
23.43333: 0.4839343,0.08214962,1.146773,248.5304
23.65556: 0.4566675,0.2030761,1.145915,251.2103
23.87778: 0.4209875,0.3287472,1.144185,254.3429
24.1: 0.3935229,0.4513751,1.144055,253.0695
24.32222: 0.3598566,0.5850863,1.141591,254.9478
24.54445: 0.311851,0.7265297,1.132451,265.8204
24.76667: 0.289132,0.862345,1.13253,271.9537
24.98889: 0.3148828,1.010339,1.135213,276.7292
25.21111: 0.3806623,1.164566,1.135863,277.9468
25.43333: 0.4386497,1.317871,1.135143,278.8018
25.65556: 0.4658899,1.478763,1.135712,278.5819
25.87778: 0.4973859,1.634252,1.135154,278.3011
26.1: 0.5343956,1.802589,1.134545,276.0599
26.32222: 0.5588176,1.932894,1.132743,273.3437
Trail Result: Success object: DestinationSphere | Time Spent: -2.147484E+09
Trail No.:-1 Ends
Trail No.:0 Begins
36.42222: 1.046109,-0.7392683,1.095057,216.0233
36.64444: 1.039946,-0.7425836,1.089846,225.4118
36.86667: 1.047691,-0.7622783,1.094725,213.3611
37.08889: 1.085614,-0.7666076,1.107838,175.6122
37.31111: 1.189405,-0.794844,1.108299,141.6951
37.53333: 1.312839,-0.848339,1.108332,135.8813
37.75556: 1.460626,-0.8823022,1.111445,128.8056
37.97778: 1.6261,-0.8971681,1.116349,130.5023
38.2: 1.772448,-0.9146946,1.119435,132.5993
38.42222: 1.924471,-0.9370258,1.120062,136.2773
38.64444: 2.084194,-0.973226,1.121917,141.5611
38.86667: 2.207544,-1.023379,1.121772,151.3733
39.08889: 2.300968,-1.087628,1.122489,173.2788
39.31111: 2.299384,-1.077133,1.126869,191.3436
39.53333: 2.330456,-0.9830679,1.125665,201.6212
39.75556: 2.340965,-0.8702151,1.123675,207.2012
39.97778: 2.330004,-0.7689391,1.12168,211.9973
40.2: 2.28577,-0.6256118,1.119787,237.6342
40.42222: 2.254995,-0.4958212,1.117719,258.4547
40.64445: 2.203131,-0.3655403,1.117565,262.8171
40.86667: 2.131861,-0.2408165,1.119003,266.3696
41.08889: 2.067712,-0.1039613,1.120351,265.9965
41.31111: 2.0084,0.03575242,1.119969,267.1221
41.53333: 1.932804,0.164535,1.121089,268.1254
41.75556: 1.831706,0.305864,1.123676,270.1587
41.97778: 1.722802,0.4324884,1.125067,270.9441
42.2: 1.624619,0.5764717,1.124889,271.3188
42.42222: 1.551055,0.7159361,1.124982,271.1641
42.64445: 1.459595,0.8718426,1.123566,270.4988
42.86667: 1.356982,1.013236,1.122762,269.8989
43.08889: 1.248312,1.151248,1.122941,269.4571
43.31111: 1.129164,1.294278,1.123094,268.7467
43.53333: 1.035008,1.405795,1.123719,268.0303
43.75556: 0.94055,1.515469,1.125004,267.4038
43.97778: 0.836959,1.629919,1.126432,266.6617
44.2: 0.7339103,1.733401,1.127365,266.7667
44.42222: 0.6256386,1.830403,1.127512,266.5013
44.64445: 0.508965,1.924119,1.132376,261.7694
44.86667: 0.4452944,2.013307,1.150166,234.0398
45.08889: 0.5016021,2.091752,1.154036,186.2359
45.31111: 0.6058563,2.187631,1.152281,173.9883
45.53333: 0.7128808,2.279636,1.149821,172.9458
45.75556: 0.7910963,2.356989,1.149204,180.6319
45.97778: 0.8572185,2.454114,1.148301,193.0383
46.2: 0.8958389,2.504704,1.147513,201.9987
Trail Result: Success object: apple | Time Spent: -2.147484E+09
Trail No.:0 Ends
Trail No.:3 Begins
User confirmed on object: apple, this maze officially starts.
75.62222: 0.6051989,2.639241,1.136165,140.4014
75.84444: 0.607589,2.638745,1.1359,138.2771
76.06667: 0.6058795,2.631234,1.133779,143.2201
76.28889: 0.6029742,2.620245,1.131662,154.2079
76.51112: 0.6285837,2.616413,1.129915,156.0722
76.73334: 0.7857749,2.608195,1.129475,155.0007
76.95556: 0.938938,2.600055,1.130336,153.5875
77.17778: 1.113101,2.586204,1.132174,154.1733
77.4: 1.289534,2.566624,1.132277,158.378
77.62222: 1.434181,2.536593,1.130281,164.9426
77.84444: 1.614745,2.48155,1.127664,175.4203
78.06667: 1.74972,2.413336,1.124667,182.5627
78.28889: 1.858692,2.30113,1.120152,183.1743
78.51112: 1.929712,2.175949,1.117725,185.4427
78.73334: 1.982951,2.042887,1.116283,186.5539
78.95556: 2.015357,1.894748,1.116251,187.9351
79.17778: 2.036889,1.759082,1.11712,190.0805
79.4: 2.055785,1.612111,1.125408,200.3239
79.62222: 2.066933,1.483156,1.128444,206.4104
79.84444: 2.084152,1.336289,1.126168,202.8824
80.06667: 2.101935,1.204404,1.125087,200.9661
80.28889: 2.117324,1.090645,1.124275,199.7598
80.51112: 2.130122,0.94458,1.123444,200.5466
80.73334: 2.133357,0.8192861,1.123064,206.7056
80.95556: 2.12392,0.7306938,1.119061,263.2207
81.17778: 2.135354,0.6799364,1.121811,271.4425
81.4: 2.139153,0.6805289,1.121815,271.1903
81.62222: 2.101161,0.7083491,1.120207,269.5357
81.84444: 2.004759,0.7553798,1.121135,267.643
82.06667: 1.866937,0.8041208,1.124754,267.1418
82.28889: 1.740809,0.8462772,1.127041,266.439
82.51112: 1.633646,0.8860908,1.128807,264.9725
82.73334: 1.631063,0.8864512,1.128055,263.3929
82.95556: 1.618387,0.8835057,1.127187,261.0705
Trail Result: Fail at object: watermelon | Time Spent: 7.720016
Trail No.:3 Ends
Trail No.:2 Begins
User confirmed on object: apple, this maze officially starts.
108.4667: 0.8652925,2.77873,1.141666,178.0881
108.6889: 0.8623074,2.777642,1.141489,176.4829
108.9111: 0.8643163,2.776195,1.141277,173.2195
109.1333: 0.9567291,2.767376,1.141716,163.5673
109.3556: 1.106373,2.753485,1.142065,165.7639
109.5778: 1.276072,2.743288,1.14235,172.2676
109.8: 1.364192,2.750687,1.142118,187.5211
110.0222: 1.34765,2.747221,1.139779,192.4005
Trail Result: Fail at object: grape | Time Spent: 1.853119
Trail No.:2 Ends
Trail No.:1 Begins
User confirmed on object: apple, this maze officially starts.
131.1111: 0.8264104,2.542341,1.138257,161.9858
131.3333: 0.891744,2.529022,1.139446,163.1824
131.5556: 1.048393,2.491002,1.139333,168.6177
131.7778: 1.211424,2.43101,1.139579,173.1294
132: 1.355194,2.383457,1.139904,174.8492
132.2222: 1.531302,2.418882,1.143837,190.7152
132.4444: 1.632193,2.556411,1.13789,231.8635
Trail Result: Fail at object: grape | Time Spent: 1.732967
Trail No.:1 Ends
Participant Name: 
Participant Gender: 
Participant ID: 
Test Date: 
Maze Mode: testing
Participant Name: 
Participant Gender: 
Participant ID: 
Test Date: 
Maze Mode: full
Trail No.:-1 Begins
9.444445: 0.5222925,-1.850038,1.134874,239.6964
9.666667: 0.5202678,-1.822477,1.134474,260.6774
9.888889: 0.5297102,-1.77431,1.130125,297.2823
10.11111: 0.553308,-1.736382,1.131017,322.0009
10.33333: 0.5700285,-1.733046,1.142263,334.9793
10.55556: 0.5605844,-1.751908,1.148784,343.2714
10.77778: 0.5126771,-1.769734,1.151907,340.7971
11: 0.4385184,-1.774341,1.151151,342.0009
11.22222: 0.3688567,-1.775159,1.158518,343.9256
11.44444: 0.3518839,-1.765749,1.166149,345.162
11.66667: 0.3378936,-1.726723,1.156321,346.2838
11.88889: 0.3352536,-1.696689,1.149907,345.0216
12.11111: 0.3345641,-1.670579,1.145467,344.4164
12.33333: 0.2642835,-1.501084,1.141155,344.8473
12.55556: 0.1977178,-1.346676,1.143906,346.5922
12.77778: 0.1594515,-1.203797,1.14929,353.0232
13: 0.1271358,-1.063493,1.151572,355.1571
13.22222: 0.08567071,-0.9227104,1.152668,354.722
13.44444: 0.03969634,-0.7757284,1.151417,353.9557
13.66667: 0.0265255,-0.7195988,1.15093,354.1664
13.88889: 0.03022599,-0.7170755,1.151766,353.5815
14.11111: 0.02725601,-0.7127675,1.15066,352.6206
14.33333: 0.02088833,-0.7095999,1.148692,352.55
14.55556: 0.03851342,-0.7050579,1.145504,2.306641
14.77778: 0.05605829,-0.7033076,1.145049,5.719275
15: 0.0756011,-0.6996737,1.149701,5.863308
15.22222: 0.07487059,-0.6982774,1.149267,2.7719
15.44444: 0.05249476,-0.7051981,1.154769,350.0625
15.66667: -0.03558517,-0.6770799,1.165727,346.2755
15.88889: -0.107993,-0.6007584,1.169599,348.0386
16.11111: -0.1164877,-0.5579237,1.177031,345.2602
16.33333: -0.1107835,-0.5662585,1.177903,344.4166
16.55556: -0.1094494,-0.5725147,1.178833,344.0677
16.77778: -0.112728,-0.5736448,1.177499,346.8438
17: -0.1072012,-0.5760064,1.176214,353.6845
17.22222: -0.09722745,-0.5779222,1.174191,1.694002
17.44444: -0.1009473,-0.5884302,1.176388,4.222276
17.66667: -0.1152871,-0.5947046,1.176676,5.274991
17.88889: -0.12253,-0.5970744,1.175941,4.970884
18.11111: -0.1244594,-0.5963203,1.175776,6.207244
18.33333: -0.1215001,-0.5928582,1.175607,8.897172
18.55556: -0.1037091,-0.5913882,1.172977,20.75943
18.77778: -0.1050954,-0.5863914,1.172943,19.42372
19: -0.1137058,-0.5829618,1.172298,18.30991
19.22222: -0.1233686,-0.5816247,1.176104,13.54859
19.44444: -0.1265715,-0.5831136,1.176418,11.16807
19.66667: -0.1309793,-0.5837741,1.176346,6.889331
19.88889: -0.1363004,-0.5808864,1.175458,2.289137
20.11111: -0.1383044,-0.5781382,1.174929,359.5473
20.33333: -0.1356918,-0.5745374,1.174312,359.1725
20.55556: -0.1320636,-0.5697162,1.17225,358.1593
20.77778: -0.126645,-0.5634246,1.171552,358.5025
21: -0.1211997,-0.5560148,1.17096,0.2280765
21.22222: -0.1071805,-0.5564458,1.169935,11.58932
21.44444: -0.1043996,-0.5620065,1.171171,15.19672
21.66667: -0.1068212,-0.5681173,1.17389,13.35879
21.88889: -0.1244174,-0.5700637,1.178592,358.8327
22.11111: -0.1241137,-0.5744152,1.179799,353.6061
22.33333: -0.1145388,-0.5842965,1.182824,350.9134
22.55556: -0.1027839,-0.5910544,1.183436,352.3765
22.77778: -0.09860444,-0.5927907,1.182717,352.9033
23: -0.09874856,-0.5908449,1.182532,353.1201
23.22222: -0.09777069,-0.585865,1.181356,353.5249
23.44444: -0.09761643,-0.5816072,1.18022,354.3689
23.66667: -0.08650911,-0.4475031,1.177328,355.6967
23.88889: -0.07057321,-0.2974038,1.171082,357.0953
24.11111: -0.05601597,-0.1459802,1.165931,357.7664
24.33333: -0.04373801,-0.003342509,1.161759,357.8726
24.55556: -0.03219402,0.1467531,1.154845,358.3699
24.77778: -0.02593541,0.2887698,1.151697,358.1073
25: -0.01661658,0.434909,1.151145,358.0222
25.22222: -0.008618712,0.5728363,1.150075,357.9329
25.44444: -0.00222528,0.7176172,1.149923,357.8183
25.66667: 0.007558823,0.8653297,1.147829,357.9868
25.88889: 0.01501107,1.012585,1.14781,357.9927
26.11111: 0.02194929,1.159256,1.147499,358.075
26.33333: 0.03133333,1.305572,1.147574,358.0955
26.55556: 0.04233265,1.451261,1.147579,358.0794
26.77778: 0.05520976,1.588978,1.148137,357.9959
Trail Result: Success object: DestinationSphere | Time Spent: -2.147484E+09
Trail No.:-1 Ends
Trail No.:0 Begins
38.77778: 1.481371,-0.7369354,1.145932,194.6135
39: 1.467443,-0.7360793,1.15187,210.4083
39.22222: 1.446535,-0.7124463,1.156475,238.6639
39.44445: 1.439667,-0.6624631,1.162632,277.7786
39.66667: 1.445101,-0.6503394,1.171546,285.962
39.88889: 1.442895,-0.6623758,1.174367,274.7529
40.11111: 1.433128,-0.6903083,1.17571,263.4109
40.33334: 1.34396,-0.7488562,1.175396,268.324
40.55556: 1.263946,-0.8065888,1.171837,270.6568
40.77778: 1.220083,-0.8909877,1.172841,232.524
41: 1.256395,-0.8868963,1.165132,164.6493
41.22222: 1.271968,-0.8609269,1.169539,140.5755
41.44445: 1.283153,-0.8455758,1.16902,122.5432
41.66667: 1.280684,-0.8407068,1.169869,111.4553
41.88889: 1.281602,-0.8343009,1.168715,107.3809
42.11111: 1.285975,-0.8343671,1.168201,108.4599
42.33334: 1.286293,-0.8497458,1.167357,119.1138
42.55556: 1.253034,-0.88969,1.164379,165.947
42.77778: 1.159746,-0.9918031,1.157044,232.851
43: 1.02497,-1.04828,1.160896,273.6137
43.22222: 0.8583393,-1.0863,1.156441,292.9137
43.44445: 0.6850135,-1.072306,1.152341,311.9811
43.66667: 0.5152155,-1.009592,1.146851,325.7833
43.88889: 0.3610145,-0.9025079,1.142287,338.8869
44.11111: 0.2316302,-0.7667499,1.136435,347.5392
44.33334: 0.1336502,-0.605768,1.132596,351.7002
44.55556: 0.06818247,-0.4244463,1.130578,353.2884
44.77778: 0.02650285,-0.2410876,1.128563,353.8705
45: 0.00140214,-0.05822432,1.126895,353.2012
45.22223: -0.02567947,0.1293892,1.125104,353.1522
45.44445: -0.05390942,0.3110983,1.122113,353.6058
45.66667: -0.07817459,0.4777633,1.118299,354.0122
45.88889: -0.09643269,0.6128963,1.117256,357.0511
46.11111: -0.1239682,0.7498162,1.116106,2.595765
46.33334: -0.1769001,0.8966652,1.115985,6.431197
46.55556: -0.2242613,1.050017,1.115806,10.90607
46.77778: -0.2452083,1.202029,1.120295,18.11885
47: -0.2486269,1.35868,1.128289,23.34783
47.22223: -0.2109486,1.512711,1.131824,24.9086
47.44445: -0.1281387,1.631448,1.136951,26.55154
47.66667: -0.0119853,1.751032,1.139378,27.18075
47.88889: 0.1067352,1.849612,1.140858,25.8636
48.11111: 0.2006929,1.925265,1.140831,25.1905
48.33334: 0.2606219,1.966654,1.142421,24.32982
48.55556: 0.2914773,1.978239,1.143612,23.34579
Trail Result: Success object: apple | Time Spent: -2.147484E+09
Trail No.:0 Ends
Trail No.:2 Begins
User confirmed on object: watermelon - Start, this maze officially starts.
71.52222: 1.460847,1.032314,1.184311,260.4634
71.74445: 1.456165,1.03262,1.182825,267.7661
71.96667: 1.459244,1.049994,1.180753,290.6926
72.18889: 1.469186,1.062032,1.174624,314.323
72.41111: 1.483799,1.057909,1.175894,331.1788
72.63333: 1.512775,1.05317,1.172168,356.9117
72.85556: 1.540746,1.045349,1.165225,18.61238
73.07778: 1.544422,1.040985,1.162241,26.16111
73.3: 1.63941,1.067159,1.161418,21.4336
73.52222: 1.825988,1.138827,1.160894,9.898335
73.74445: 1.990484,1.257592,1.160445,359.5722
73.96667: 2.103236,1.428048,1.160777,345.0832
74.18889: 2.13745,1.634331,1.158242,328.863
74.41111: 2.075422,1.814451,1.16307,303.4195
74.63334: 2.031497,1.810291,1.176814,250.3647
74.85556: 2.066182,1.847031,1.18265,276.436
75.07778: 2.074597,1.831586,1.190522,260.9209
75.3: 2.099112,1.679658,1.184999,221.3664
75.52222: 2.136642,1.477855,1.181989,217.9545
75.74445: 2.197493,1.290468,1.1761,211.7003
75.96667: 2.250207,1.137079,1.181931,227.5872
76.18889: 2.267322,1.016438,1.178815,261.7281
76.41111: 2.271369,0.8708287,1.180217,271.179
76.63334: 2.243366,0.7254065,1.177688,273.5836
76.85556: 2.227485,0.5564819,1.175424,268.4963
77.07778: 2.259911,0.3779196,1.174125,274.6951
77.3: 2.283689,0.1656193,1.17276,244.5943
77.52222: 2.321173,-0.04535824,1.165259,208.7007
77.74445: 2.342763,-0.2297292,1.160772,195.0552
77.96667: 2.345858,-0.4015423,1.159261,196.432
78.18889: 2.33993,-0.5806153,1.159141,198.0541
78.41111: 2.340427,-0.759392,1.16069,199.7504
78.63334: 2.377549,-0.939038,1.162687,203.9892
78.85556: 2.415548,-1.120512,1.16191,208.1264
79.07778: 2.429702,-1.300371,1.161219,212.6267
79.3: 2.411754,-1.466831,1.162199,218.3722
79.52222: 2.361799,-1.64117,1.163173,221.4801
79.74445: 2.287698,-1.798745,1.165238,224.645
79.96667: 2.195849,-1.957603,1.168385,227.4779
80.18889: 2.100733,-2.111915,1.172372,230.7758
80.41111: 2.071356,-2.151725,1.174652,235.0228
80.63334: 2.067358,-2.144382,1.174397,239.6736
80.85556: 2.095146,-2.02345,1.174031,254.8047
81.07778: 2.189019,-1.851323,1.17321,267.7611
81.3: 2.238632,-1.666897,1.170784,270.2552
81.52222: 2.190459,-1.493554,1.174377,258.5342
81.74445: 2.078423,-1.356808,1.174196,250.0257
81.96667: 1.905164,-1.253321,1.170462,253.5346
82.18889: 1.711365,-1.193586,1.167518,254.1926
82.41111: 1.515339,-1.147662,1.165644,253.0183
82.63334: 1.318248,-1.106482,1.16288,249.9726
82.85556: 1.120202,-1.069115,1.159563,243.7452
83.07778: 0.9371962,-1.056777,1.1554,236.2374
83.3: 0.7415324,-1.07629,1.148636,227.4901
83.52222: 0.5418974,-1.137327,1.144262,217.0793
83.74445: 0.3609146,-1.247243,1.141124,203.9193
83.96667: 0.2302911,-1.408757,1.139576,187.9805
84.18889: 0.1474421,-1.597902,1.133155,171.6372
84.41111: 0.1144276,-1.797928,1.135159,156.2902
84.63334: 0.1171329,-1.968406,1.141806,145.7455
84.85556: 0.1321508,-2.146125,1.146864,144.9356
85.07778: 0.1406015,-2.17614,1.150783,148.183
85.3: 0.1348282,-2.178138,1.151371,164.349
85.52222: 0.1254998,-2.183621,1.165616,181.4641
85.74445: 0.131048,-2.176099,1.168948,190.1775
85.96667: 0.1139796,-2.228162,1.17801,189.625
86.18889: 0.03956866,-2.262948,1.178291,198.4377
86.41111: -0.01738989,-2.201189,1.165785,210.9058
86.63334: -0.06360936,-2.070168,1.150814,241.4855
86.85556: -0.1060715,-1.918537,1.150387,285.5573
87.07778: -0.1455812,-1.73419,1.143063,321.6866
87.3: -0.1507882,-1.578652,1.142667,343.6756
87.52222: -0.1566644,-1.408454,1.139099,349.351
87.74445: -0.1743631,-1.254697,1.140436,349.4581
87.96667: -0.2074634,-1.093682,1.138163,346.7969
88.18889: -0.256799,-0.9404601,1.133232,341.8049
88.41111: -0.2969275,-0.7977325,1.131991,335.6966
88.63334: -0.3375292,-0.6419581,1.131471,330.3254
88.85556: -0.4026837,-0.4692086,1.131079,321.862
89.07778: -0.4907418,-0.3162715,1.135615,307.5584
89.3: -0.6097994,-0.1895736,1.139417,294.7713
89.52222: -0.7567425,-0.09139144,1.14251,280.777
89.74445: -0.9187268,-0.0293687,1.14221,269.1733
89.96667: -1.087833,0.005799592,1.141182,259.1412
90.18889: -1.258719,0.01736772,1.148528,249.388
90.41111: -1.434329,0.0001196265,1.155886,240.5764
90.63334: -1.608489,-0.04486334,1.157329,231.2137
90.85556: -1.787862,-0.1216187,1.154492,220.2628
91.07778: -1.958013,-0.2363439,1.148921,203.3999
91.3: -2.085365,-0.3859048,1.144088,185.7034
91.52222: -2.152754,-0.5602163,1.144391,169.6055
91.74445: -2.161919,-0.7318319,1.153967,147.376
91.96667: -2.174643,-0.8946018,1.150627,146.383
92.18889: -2.191931,-1.068197,1.148498,149.1206
92.41111: -2.207552,-1.246555,1.148744,149.1892
92.63334: -2.215208,-1.419411,1.151453,149.4021
92.85556: -2.21706,-1.582082,1.158538,148.1423
93.07778: -2.210292,-1.76536,1.160575,141.6545
93.3: -2.169884,-1.929022,1.16711,134.3373
93.52222: -2.090204,-2.06047,1.171494,129.6508
93.74445: -1.992359,-2.152655,1.176407,128.0665
93.96667: -1.895021,-2.20406,1.179522,129.4418
94.18889: -1.785803,-2.244694,1.182801,131.6115
94.41111: -1.6828,-2.248967,1.18616,135.3061
94.63334: -1.647478,-2.235474,1.185347,139.9568
Trail Result: Success object: carrot - Target | Time Spent: 23.42382
Trail No.:2 Ends
Trail No.:1 Begins
User confirmed on object: apple - Start Object, this maze officially starts.
115.6556: 0.174557,2.356928,1.167358,55.80068
115.8778: 0.1473579,2.331324,1.172134,51.42035
116.1: 0.1356721,2.320189,1.170396,43.46037
116.3222: 0.1379254,2.31414,1.169293,25.123
116.5444: 0.1429245,2.338508,1.169199,352.9188
116.7667: 0.02064884,2.368825,1.164165,309.3915
116.9889: -0.09564829,2.263272,1.16057,266.7212
117.2111: -0.1796235,2.111935,1.155233,233.4892
117.4333: -0.2475362,1.958715,1.149537,214.3733
117.6556: -0.2781347,1.790624,1.146056,199.0139
117.8778: -0.2769848,1.620642,1.143626,188.3375
118.1: -0.2696681,1.453301,1.14082,180.7993
118.3222: -0.2662861,1.290978,1.138917,177.6188
118.5444: -0.2630496,1.139906,1.140199,176.9895
118.7667: -0.2474456,0.9797364,1.138376,171.6888
118.9889: -0.2307512,0.8311671,1.133956,170.7208
119.2111: -0.207233,0.6647183,1.131081,170.6144
119.4333: -0.1888531,0.5095236,1.130489,170.0305
119.6556: -0.1750711,0.3479792,1.128532,168.3787
119.8778: -0.1669366,0.1957705,1.126095,169.3713
120.1: -0.1604762,0.03158629,1.122671,170.7166
120.3222: -0.1487968,-0.1339694,1.124926,170.4447
120.5444: -0.1336519,-0.299147,1.128015,169.639
120.7667: -0.1231592,-0.4542497,1.129167,169.6196
120.9889: -0.1240236,-0.5918939,1.130508,168.6526
121.2111: -0.1382973,-0.7635737,1.131848,166.3818
121.4333: -0.1483021,-0.928929,1.135981,162.1844
121.6556: -0.1605759,-1.086852,1.137717,158.9596
121.8778: -0.1754694,-1.25076,1.14019,154.7217
122.1: -0.1975157,-1.416849,1.141333,150.6651
122.3222: -0.2280898,-1.586559,1.143948,144.0924
122.5444: -0.2540714,-1.75359,1.146814,140.1794
122.7667: -0.2619097,-1.923385,1.153644,135.8688
122.9889: -0.2319137,-2.076828,1.167218,127.7427
123.2111: -0.1771551,-2.195828,1.174101,121.894
123.4333: -0.1042043,-2.280908,1.173624,119.6704
123.6556: 0.02371728,-2.319354,1.174007,117.6467
123.8778: 0.1794136,-2.340967,1.172785,118.5182
124.1: 0.3444529,-2.348088,1.171293,119.5752
124.3222: 0.5134825,-2.331465,1.170309,127.0282
124.5444: 0.5605036,-2.328744,1.167891,138.4053
Trail Result: Success object: banana - True Target | Time Spent: 9.209206
Trail No.:1 Ends
Trail No.:3 Begins
User confirmed on object: mushroom - Start, this maze officially starts.
141.3445: 1.954588,-2.617675,1.173628,273.7024
141.5667: 1.943775,-2.615803,1.170678,275.1589
141.7889: 1.939244,-2.560213,1.16537,291.6678
142.0111: 2.088354,-2.471496,1.163514,309.6711
142.2333: 2.262524,-2.381506,1.161485,321.6539
142.4556: 2.377981,-2.264828,1.160595,324.7202
142.6778: 2.411733,-2.125645,1.160775,315.9123
142.9: 2.406564,-1.995899,1.172526,282.064
143.1222: 2.399508,-1.838641,1.174332,253.3444
143.3445: 2.342743,-1.660214,1.173168,245.3603
143.5667: 2.224513,-1.524423,1.170376,235.757
143.7889: 2.060267,-1.415819,1.160761,259.8589
144.0111: 1.886304,-1.373828,1.157319,273.5701
144.2333: 1.724641,-1.363031,1.152001,285.9388
144.4556: 1.552465,-1.341744,1.147281,289.2155
144.6778: 1.411519,-1.294348,1.144279,293.1799
144.9: 1.230931,-1.228027,1.138775,296.9644
145.1222: 1.048193,-1.188226,1.135573,300.3157
145.3445: 0.8754528,-1.165268,1.133261,303.6688
145.5667: 0.7009599,-1.104317,1.132436,309.176
145.7889: 0.5533893,-1.013756,1.132685,314.67
146.0111: 0.4127896,-0.9116795,1.133296,320.7401
146.2333: 0.26475,-0.7978612,1.133838,320.7485
146.4556: 0.1171616,-0.6869177,1.138275,307.7079
146.6778: -0.008362532,-0.5595978,1.137497,298.6513
146.9: -0.1293885,-0.4240922,1.135402,294.8094
147.1222: -0.2778027,-0.2998096,1.134563,288.8699
147.3445: -0.4434986,-0.1951694,1.13164,281.4618
147.5667: -0.6210027,-0.1142595,1.129197,272.8767
147.7889: -0.8087213,-0.06721985,1.129002,262.8564
148.0111: -1.001775,-0.05312139,1.132805,254.4134
148.2333: -1.192633,-0.06013387,1.134766,246.4008
148.4556: -1.382811,-0.06882668,1.1371,239.1911
148.6778: -1.554605,-0.08103704,1.138315,233.3977
148.9: -1.741081,-0.1110644,1.138042,224.3683
149.1222: -1.913632,-0.1702413,1.137377,212.8333
149.3445: -2.070826,-0.2714469,1.139933,198.7079
149.5667: -2.174665,-0.416371,1.142864,178.8877
149.7889: -2.237921,-0.5793293,1.141537,170.0277
150.0111: -2.279211,-0.7488033,1.140143,164.9377
150.2333: -2.293119,-0.9164408,1.140939,159.9055
150.4556: -2.295224,-1.073984,1.141929,153.2647
150.6778: -2.331685,-1.233729,1.150972,140.5054
150.9: -2.407427,-1.381532,1.154513,133.0022
151.1222: -2.466289,-1.541036,1.155473,130.2277
151.3445: -2.480525,-1.723136,1.155877,127.7053
151.5667: -2.443099,-1.909508,1.154451,125.9728
151.7889: -2.376622,-2.0879,1.153705,123.0237
152.0111: -2.284968,-2.236885,1.154158,119.7099
152.2333: -2.138978,-2.314079,1.153869,118.951
152.4556: -2.03469,-2.3321,1.155942,119.5722
152.6778: -2.037756,-2.329716,1.160304,122.7111
152.9: -2.053835,-2.34298,1.16459,146.2251
153.1222: -2.097365,-2.346334,1.163768,188.4371
153.3445: -2.143831,-2.314014,1.158753,236.6583
153.5667: -2.15264,-2.272472,1.160227,275.029
153.7889: -2.139789,-2.244894,1.153128,309.3408
154.0111: -2.116119,-2.227279,1.149405,341.4557
154.2333: -2.104787,-2.219158,1.144568,4.463003
154.4556: -2.093854,-2.173962,1.137498,26.43272
154.6778: -2.131322,-1.990808,1.136785,34.02444
154.9: -2.197342,-1.802958,1.136673,25.5442
155.1222: -2.251814,-1.64183,1.136771,14.68012
155.3445: -2.278674,-1.479026,1.137981,7.073876
155.5667: -2.296826,-1.312127,1.139434,5.556747
155.7889: -2.309883,-1.122415,1.13718,4.62829
156.0111: -2.311339,-0.930136,1.136598,4.604164
156.2333: -2.311728,-0.7369471,1.135023,4.733516
156.4556: -2.310963,-0.5444649,1.134147,4.656475
156.6778: -2.310666,-0.3634846,1.1336,4.492568
156.9: -2.311458,-0.1727926,1.133505,4.114993
157.1222: -2.313106,0.01922053,1.13249,4.029305
157.3445: -2.315318,0.2019419,1.132033,4.151079
157.5667: -2.31677,0.3936251,1.131315,4.135316
157.7889: -2.318027,0.5846745,1.13085,4.201594
158.0111: -2.319275,0.7756316,1.130528,4.47416
158.2333: -2.320326,0.9669997,1.130578,5.46079
158.4556: -2.320269,1.15933,1.129531,9.673178
158.6778: -2.322978,1.351664,1.127344,16.16442
158.9: -2.315864,1.519989,1.126363,23.90349
159.1222: -2.294116,1.695742,1.127583,30.54883
159.3445: -2.269173,1.848554,1.132438,34.23601
159.5667: -2.239352,1.983929,1.138643,37.87419
159.7889: -2.193949,2.098858,1.143597,40.47201
160.0111: -2.123378,2.199888,1.147189,40.57838
160.2333: -2.113987,2.204002,1.1495,39.15932
Trail Result: Success object: Hambuger - Target | Time Spent: 19.31415
Trail No.:3 Ends
Participant Name: 
Participant Gender: 
Participant ID: 
Test Date: 
Maze Mode: full
Trail No.:-1 Begins
8.888889: 0.1448697,-2.124842,1.202209,200.9023
9.111112: 0.1262486,-2.105631,1.212602,215.3399
9.333334: 0.1044762,-2.07809,1.213755,249.6267
9.555555: 0.1083252,-2.04445,1.209444,276.1481
9.777778: 0.1300356,-2.028498,1.210953,291.7501
10: 0.1576207,-2.0233,1.212313,316.7348
10.22222: 0.1563907,-2.0196,1.210294,338.2772
10.44444: 0.1395128,-2.017497,1.210283,351.6842
10.66667: 0.1298062,-2.022598,1.209833,356.9091
10.88889: 0.1035341,-1.889803,1.209081,356.0022
11.11111: 0.07306182,-1.714567,1.210735,355.3186
11.33333: 0.04761791,-1.550925,1.213043,354.748
11.55556: 0.03284037,-1.386645,1.212005,353.8377
11.77778: 0.01419508,-1.224048,1.212451,352.6161
12: -0.009514093,-1.053816,1.212163,351.3581
12.22222: -0.03331542,-0.8968487,1.211477,350.4547
12.44444: -0.06269503,-0.7374847,1.211839,348.8044
12.66667: -0.08437586,-0.6792351,1.212891,344.3127
12.88889: -0.07758296,-0.6820885,1.213806,342.2128
13.11111: -0.07636893,-0.6862523,1.212284,344.4329
13.33333: -0.08685458,-0.6819711,1.208541,337.9416
13.55556: -0.1836582,-0.7200986,1.279099,275.1949
13.77778: -0.1778523,-0.8606112,1.315246,228.0342
14: -0.08344734,-0.9617121,1.268859,192.2116
14.22222: 0.02695978,-1.021703,1.146528,156.3126
14.44444: 0.1734834,-1.014345,1.043342,130.8968
14.66667: 0.3220915,-1.039359,0.9680566,109.3014
14.88889: 0.3865117,-1.101259,0.8579706,89.8522
15.11111: 0.3698639,-1.1301,0.803439,90.91242
15.33333: 0.361662,-1.146522,0.7825459,91.8266
15.55556: 0.3624734,-1.148784,0.7773242,94.11803
15.77778: 0.356481,-1.156147,0.771966,95.69095
16: 0.3518003,-1.156403,0.7645925,96.09856
Participant Name: 
Participant Gender: 
Participant ID: 
Test Date: 
Maze Mode: full
Trail No.:-1 Begins
8.1: 0.2017313,-2.094167,1.20668,327.2501
8.322223: 0.1826991,-2.116223,1.211634,302.1111
8.544445: 0.2112954,-2.099602,1.209388,325.7313
8.766666: 0.2437294,-2.093293,1.205462,351.8384
8.988889: 0.2258809,-2.095147,1.208445,354.3842
9.211111: 0.1641095,-1.967301,1.2094,356.3356
9.433333: 0.1202085,-1.81176,1.212808,356.835
9.655556: 0.09039187,-1.633985,1.215782,357.3115
9.877778: 0.07122374,-1.46338,1.212031,356.4713
10.1: 0.0533464,-1.308415,1.216707,354.9111
10.32222: 0.03586614,-1.153956,1.22212,357.0064
10.54445: 0.01914072,-0.9921675,1.221541,355.9095
10.76667: 0.004051924,-0.8369343,1.225464,354.9945
10.98889: 0.01049221,-0.8349302,1.229598,358.3374
11.21111: 0.004582047,-0.8356385,1.22768,353.6066
11.43333: -0.01871777,-0.6983864,1.228132,353.3468
11.65556: -0.01654339,-0.6702786,1.228331,359.2941
11.87778: -0.01265311,-0.6697847,1.224719,3.506505
12.1: -0.01506841,-0.6696725,1.223396,5.289517
12.32222: -0.02207935,-0.6681216,1.218903,3.784104
12.54445: -0.03147006,-0.6678171,1.218383,0.1256544
12.76667: -0.03750408,-0.6687983,1.21825,357.5121
12.98889: -0.03675723,-0.6681824,1.217463,357.27
13.21111: -0.04329503,-0.6442744,1.217366,356.6445
13.43333: -0.06188202,-0.5709103,1.216403,353.1685
13.65556: -0.07081664,-0.5691807,1.208027,342.1528
13.87778: -0.07184362,-0.567224,1.209747,338.2151
14.1: -0.08307421,-0.5663313,1.208854,334.5417
14.32222: -0.08557665,-0.5634077,1.206913,334.4613
14.54445: -0.08309317,-0.5634173,1.204304,335.5748
14.76667: -0.07432532,-0.5615149,1.203643,336.363
14.98889: -0.07181621,-0.5610404,1.206161,336.4308
15.21111: -0.07332087,-0.5602207,1.207613,334.6276
15.43333: -0.07402158,-0.5602767,1.207785,336.1245
15.65556: -0.04894876,-0.5599464,1.206912,355.7037
15.87778: -0.03395593,-0.5595052,1.205426,3.089282
16.1: -0.02769852,-0.5598673,1.212623,6.536262
16.32222: -0.01804042,-0.5597874,1.21031,13.69772
16.54445: -0.002906561,-0.5576432,1.205679,22.23663
16.76667: 0.002197981,-0.5548153,1.207909,27.037
16.98889: 0.004010201,-0.5514717,1.206991,27.75948
17.21111: 0.003637314,-0.5506665,1.210326,28.01067
17.43333: 0.007238626,-0.5513425,1.213001,27.52409
17.65556: 0.0007938147,-0.5536872,1.216012,25.98732
17.87778: -0.01985121,-0.5556626,1.23126,13.17505
18.1: -0.03214002,-0.5697733,1.237592,6.109787
18.32222: -0.03710234,-0.5713423,1.232981,3.966598
18.54445: -0.04031146,-0.5649872,1.224797,1.07387
18.76667: -0.03633857,-0.5576367,1.21805,0.8430753
18.98889: -0.03223443,-0.5496013,1.211363,359.4462
19.21111: -0.02784848,-0.5480763,1.210509,359.5113
19.43333: -0.03767109,-0.5775417,1.240029,356.4008
19.65556: -0.04038286,-0.5913336,1.240052,355.1378
19.87778: -0.03767204,-0.5969597,1.238003,357.9496
20.1: -0.03216314,-0.5979544,1.237181,2.333339
20.32222: -0.03009081,-0.5946689,1.235993,3.620506
20.54445: -0.03305209,-0.5873548,1.237538,0.05118521
20.76667: -0.03553319,-0.5825521,1.239365,357.0244
20.98889: -0.02909827,-0.5815949,1.236448,1.600451
21.21111: -0.02894592,-0.5762249,1.233552,1.093111
21.43333: -0.03063381,-0.574679,1.233618,359.5471
21.65556: -0.04771471,-0.4017488,1.234156,1.244847
21.87778: -0.06007743,-0.2476238,1.237633,4.525302
22.1: -0.06988835,-0.06408769,1.229175,5.003744
22.32222: -0.07325637,0.1211105,1.219272,4.810208
22.54445: -0.06685817,0.3016617,1.212397,4.751756
22.76667: -0.04961777,0.4851425,1.209586,5.04702
22.98889: -0.02941322,0.6630722,1.207226,4.748352
23.21111: -0.01250613,0.8443806,1.198812,3.771256
23.43333: 0.001873016,1.024118,1.194093,2.710313
23.65556: 0.01705384,1.199988,1.191885,1.419032
23.87778: 0.03093028,1.366597,1.192441,0.4773941
24.1: 0.04255688,1.524928,1.192273,359.5803
24.32222: 0.05559719,1.68972,1.191898,359.0829
Trail Result: Success object: DestinationSphere | Time Spent: -2.147484E+09
Trail No.:-1 Ends
Trail No.:0 Begins
37.98889: 1.647,-0.8820095,1.180874,163.6674
38.21111: 1.642649,-0.885074,1.18589,170.0271
38.43333: 1.578814,-0.8727652,1.195779,215.4951
38.65556: 1.531739,-0.8220598,1.205843,262.4539
38.87778: 1.518151,-0.811434,1.204961,276.3049
39.1: 1.551278,-0.8341042,1.239954,260.6701
39.32222: 1.590755,-0.8357421,1.241924,256.0884
39.54445: 1.615731,-0.8415007,1.23795,247.2664
39.76667: 1.634969,-0.8535869,1.23664,235.1722
39.98889: 1.633697,-0.8510172,1.234776,237.6348
40.21111: 1.625853,-0.8430861,1.234323,243.7347
40.43333: 1.619824,-0.8217229,1.233605,258.2797
40.65556: 1.615917,-0.8106858,1.233492,264.1258
40.87778: 1.610753,-0.8122848,1.230606,264.0858
41.1: 1.61299,-0.8321534,1.230386,246.6486
41.32222: 1.619342,-0.8414748,1.230501,240.9234
41.54445: 1.629228,-0.8477652,1.231978,236.6866
41.76667: 1.635125,-0.8435453,1.23405,237.1468
41.98889: 1.634276,-0.8392248,1.234354,239.2819
42.21111: 1.630638,-0.8327231,1.23184,244.3145
42.43333: 1.628613,-0.8273733,1.231466,249.1495
42.65556: 1.626106,-0.8240929,1.229221,255.7188
42.87778: 1.637459,-0.8281927,1.230769,252.6157
43.1: 1.654103,-0.83885,1.233025,240.7186
43.32222: 1.661963,-0.8462604,1.232135,235.3811
43.54445: 1.660238,-0.8489365,1.231013,237.3764
43.76667: 1.654921,-0.8460425,1.230634,241.153
43.98889: 1.648432,-0.8377352,1.231208,248.5341
44.21111: 1.640637,-0.8267493,1.230358,256.6239
44.43333: 1.640512,-0.8188451,1.229558,263.249
44.65556: 1.638892,-0.8230218,1.227885,264.7473
44.87778: 1.636764,-0.8274,1.226676,264.3996
45.1: 1.635844,-0.8270069,1.226527,265.5591
45.32222: 1.634335,-0.8197779,1.228034,272.8437
45.54445: 1.630563,-0.8240823,1.227086,269.1102
45.76667: 1.629641,-0.8451007,1.228918,250.7216
45.98889: 1.629539,-0.8543443,1.227607,247.3633
46.21111: 1.621,-0.8554395,1.223726,252.2445
46.43333: 1.563769,-0.8795686,1.219608,256.4278
46.65556: 1.442371,-0.9528587,1.220534,258.2514
46.87778: 1.445091,-0.9541594,1.219186,253.151
47.1: 1.395327,-1.121747,1.207982,220.2584
47.32222: 1.500944,-1.29149,1.201279,182.4148
47.54445: 1.646903,-1.414833,1.199181,178.393
47.76667: 1.799706,-1.528878,1.201563,176.7798
47.98889: 1.96736,-1.630933,1.20587,177.9055
48.21111: 2.10454,-1.739759,1.209776,190.0573
48.43333: 2.192723,-1.868788,1.219125,211.7407
48.65556: 2.176625,-1.871234,1.223947,229.4376
48.87778: 2.123285,-1.859329,1.224972,251.4815
49.1: 1.968643,-1.766411,1.220664,281.1715
49.32222: 1.832697,-1.628894,1.216786,289.9511
49.54445: 1.692146,-1.50299,1.215617,291.6512
49.76667: 1.553511,-1.404412,1.219089,291.196
49.98889: 1.406796,-1.300238,1.225352,290.5391
50.21111: 1.267346,-1.203764,1.221182,290.9837
50.43333: 1.094238,-1.11681,1.215246,291.223
50.65556: 0.9079872,-1.053856,1.207444,294.6548
50.87778: 0.7274402,-0.984898,1.199571,299.8862
51.1: 0.5600561,-0.8905728,1.194628,305.3954
51.32222: 0.4093666,-0.7699281,1.191796,310.9755
51.54445: 0.2748054,-0.6292008,1.189078,318.7589
51.76667: 0.1591756,-0.4758202,1.18855,326.4196
51.98889: 0.05862701,-0.3128971,1.188506,333.274
52.21111: 0.006951928,-0.1321557,1.194068,342.3313
52.43333: -0.0004523993,0.04749161,1.193305,347.6932
52.65556: 0.01207459,0.2349367,1.192981,351.1352
52.87778: 0.02468562,0.4176734,1.192085,354.1553
53.1: 0.006009459,0.6051158,1.192904,355.8242
53.32222: -0.02772522,0.7898114,1.191194,357.5365
53.54445: -0.06033039,0.9741839,1.191009,3.194378
53.76667: -0.08350205,1.160048,1.188316,8.752295
53.98889: -0.08972216,1.328907,1.186399,14.09717
54.21111: -0.07333994,1.493365,1.18646,9.996683
54.43333: -0.08584225,1.542486,1.195815,344.5322
54.65556: -0.09903872,1.492632,1.207535,295.1574
54.87778: -0.06911623,1.440788,1.204338,256.4365
55.1: -0.02467704,1.411555,1.202166,230.2483
55.32222: -0.02326703,1.321522,1.201495,215.6301
55.54445: -0.05742228,1.156733,1.202034,203.385
55.76667: -0.1213465,1.008032,1.203803,190.3742
55.98889: -0.2150403,0.8742559,1.205449,179.1122
56.21111: -0.3264406,0.7458571,1.206845,170.6598
56.43333: -0.4476981,0.6318983,1.208754,162.0621
56.65556: -0.5992756,0.5208511,1.208584,160.9825
56.87778: -0.7745671,0.4102612,1.205497,173.0415
57.1: -0.9662673,0.3124384,1.202364,189.2521
57.32222: -1.152574,0.2243198,1.197979,196.8591
57.54445: -1.356678,0.1637387,1.200151,218.6546
57.76667: -1.545707,0.1047101,1.201223,223.9369
57.98889: -1.715048,0.04419857,1.199267,220.2123
58.21111: -1.891459,-0.02504772,1.200724,208.2988
58.43333: -2.059057,-0.1187664,1.204928,187.4581
58.65556: -2.191353,-0.2591308,1.206804,169.6265
58.87778: -2.264963,-0.4205725,1.208734,155.6917
59.1: -2.276444,-0.5929971,1.209578,147.6199
59.32222: -2.2218,-0.733699,1.213306,142.51
59.54445: -2.117185,-0.8064381,1.218291,140.6446
59.76667: -1.982852,-0.8190135,1.220801,141.6198
59.98889: -1.839142,-0.7951616,1.221347,144.8323
60.21111: -1.826334,-0.7877481,1.221646,150.0608
Trail Result: Success object: cake | Time Spent: -2.147484E+09
Trail No.:0 Ends
Participant Name: 
Participant Gender: 
Participant ID: 
Test Date: 
Maze Mode: full
Trail No.:-1 Begins
9.066667: 0.1559607,-2.027559,1.182569,14.83119
9.288889: 0.1399037,-2.032598,1.20128,5.697562
9.511111: 0.1271491,-2.043802,1.210941,354.3312
9.733334: 0.1172614,-1.953153,1.21695,351.1881
9.955556: 0.1091632,-1.793092,1.220728,351.5039
10.17778: 0.1004499,-1.635961,1.22488,352.7975
10.4: 0.08607757,-1.485554,1.225862,352.5434
10.62222: 0.06038725,-1.337389,1.225827,351.6345
10.84444: 0.03044701,-1.188924,1.224953,354.4075
11.06667: 0.0173589,-1.040644,1.22346,0.09641419
11.28889: 0.007554531,-0.8991843,1.22647,356.115
11.51111: -0.001695514,-0.7615452,1.227034,355.2017
11.73333: -0.006549239,-0.6266679,1.22743,356.424
11.95556: -0.006722331,-0.5847539,1.228972,357.0548
12.17778: -0.007306337,-0.5856005,1.228584,357.9536
12.4: -0.00526464,-0.5908318,1.224779,5.853778
12.62222: -0.03150702,-0.5890156,1.223022,356.4229
12.84445: -0.05506742,-0.5828509,1.221436,348.861
13.06667: -0.06743991,-0.5810102,1.219039,343.205
13.28889: -0.06914318,-0.583775,1.217491,344.545
13.51111: -0.05498755,-0.583083,1.214198,354.2559
13.73333: -0.02111328,-0.5810018,1.213402,4.322944
13.95556: 0.01186955,-0.5800404,1.210763,14.31361
14.17778: 0.02976668,-0.5783235,1.213826,10.15202
14.4: 0.03007376,-0.5772187,1.216776,3.601425
14.62222: 0.02143919,-0.5763471,1.217366,358.7225
14.84445: 0.02356064,-0.5770155,1.217506,359.7199
15.06667: 0.03642249,-0.5770184,1.212632,10.93228
15.28889: 0.05097973,-0.5740462,1.210038,16.82237
15.51111: 0.05918372,-0.5724484,1.210886,18.53801
15.73333: 0.05870187,-0.5689744,1.210931,17.42572
15.95556: 0.05486739,-0.5691888,1.210433,16.80423
16.17778: 0.04963315,-0.5667682,1.210584,12.99107
16.4: 0.03937566,-0.5643441,1.22063,4.714758
16.62222: 0.03030896,-0.5669741,1.218638,1.129656
16.84444: 0.01156139,-0.5224947,1.22506,358.45
17.06667: -0.01737607,-0.3689507,1.243983,351.4637
17.28889: -0.03063989,-0.2303063,1.248853,344.7138
17.51111: -0.04942167,-0.05783093,1.244106,344.7179
17.73333: -0.07065761,0.1494685,1.230196,350.7546
17.95556: -0.07440245,0.3625828,1.218195,355.5835
18.17778: -0.05529618,0.5561867,1.210115,358.7697
18.4: -0.02478421,0.750425,1.204459,359.1308
18.62222: 0.005518317,0.9338415,1.201116,359.4523
18.84444: 0.02843082,1.10248,1.1997,358.9665
19.06667: 0.04759455,1.259598,1.198448,358.2653
19.28889: 0.06388462,1.410288,1.198862,357.4019
Trail Result: Success object: DestinationSphere | Time Spent: -2.147484E+09
Trail No.:-1 Ends
Trail No.:0 Begins
30.04445: 1.533237,-0.9108961,1.207471,240.3891
30.26667: 1.523491,-0.9170883,1.216715,250.6933
30.48889: 1.547075,-0.9196497,1.238375,247.0218
30.71111: 1.589267,-0.9167126,1.244724,245.2943
30.93333: 1.603321,-0.9123836,1.241202,244.2135
31.15556: 1.601202,-0.8981508,1.238917,251.7369
31.37778: 1.608859,-0.8959647,1.23798,245.673
31.6: 1.610305,-0.8911998,1.239895,243.9677
31.82222: 1.605496,-0.8859644,1.241849,250.5934
32.04445: 1.599427,-0.8793335,1.239365,255.7175
32.26667: 1.593714,-0.876001,1.235875,258.9597
32.48889: 1.587452,-0.8751318,1.234187,263.4781
32.71111: 1.584088,-0.8787886,1.234526,260.8837
32.93333: 1.582697,-0.8900255,1.2377,248.9756
33.15556: 1.583488,-0.8962072,1.236875,246.1631
33.37778: 1.584642,-0.8969616,1.236623,247.5416
33.6: 1.582586,-0.8929257,1.236218,249.9044
33.82222: 1.577557,-0.8895268,1.235183,251.3593
34.04445: 1.572866,-0.8832594,1.233879,258.4305
34.26667: 1.569568,-0.8793677,1.23243,261.9304
34.48889: 1.567596,-0.887946,1.233032,248.9566
34.71111: 1.568391,-0.8934145,1.232729,241.3506
34.93333: 1.568798,-0.8952796,1.232443,241.4951
35.15556: 1.567932,-0.8938624,1.231931,242.8791
35.37778: 1.568246,-0.8902329,1.233727,245.6527
35.6: 1.567309,-0.8847783,1.23429,249.5565
35.82222: 1.567263,-0.8785002,1.235262,254.8849
36.04445: 1.568544,-0.8731459,1.233163,259.8468
36.26667: 1.567968,-0.8711793,1.234114,261.9073
36.48889: 1.570816,-0.8660932,1.233984,268.6251
36.71111: 1.569418,-0.8708452,1.233284,265.2847
36.93333: 1.569397,-0.8830519,1.231591,252.7176
37.15556: 1.57303,-0.8905205,1.230706,248.8908
37.37778: 1.574177,-0.8958299,1.229481,246.5753
37.6: 1.574023,-0.8956491,1.229541,247.3435
37.82222: 1.572667,-0.8939757,1.229355,247.4272
38.04445: 1.571718,-0.8941573,1.229083,247.1337
38.26667: 1.570845,-0.8952973,1.227893,247.5068
38.48889: 1.569731,-0.8954349,1.226939,248.4792
38.71111: 1.567525,-0.8928816,1.226742,251.1652
38.93333: 1.565322,-0.8893685,1.226294,253.5835
39.15556: 1.565672,-0.8847637,1.227672,257.9264
39.37778: 1.568944,-0.8805902,1.228264,260.6298
39.6: 1.570266,-0.8862731,1.227811,255.7542
39.82222: 1.570764,-0.8979715,1.226856,246.3114
40.04445: 1.570637,-0.9044381,1.224512,244.394
40.26667: 1.567619,-0.9088622,1.222331,244.7758
40.48889: 1.563444,-0.9039997,1.221313,249.8279
40.71111: 1.562562,-0.8922122,1.223215,258.6461
40.93333: 1.556431,-0.9042439,1.222852,236.9134
41.15556: 1.55329,-0.9321971,1.212227,199.5987
41.37778: 1.516879,-0.9281405,1.202309,235.3939
41.6: 1.466001,-1.014644,1.193857,272.4431
41.82222: 1.344306,-1.171854,1.189763,294.6107
42.04445: 1.176911,-1.237047,1.186013,302.8122
42.26667: 0.9810594,-1.22049,1.187619,306.7448
42.48889: 0.9192373,-1.198463,1.191313,316.5967
42.71111: 0.9499227,-1.164122,1.200749,353.747
42.93333: 0.9937501,-1.167381,1.195056,33.89632
43.15556: 0.9949753,-1.192204,1.195056,60.32042
43.37778: 0.9742843,-1.198173,1.195495,71.68186
43.6: 0.9510305,-1.202516,1.199145,69.10029
43.82222: 0.9463696,-1.20986,1.200113,65.40546
44.04445: 0.9857549,-1.231947,1.20037,66.26195
44.26667: 1.132572,-1.285421,1.20011,67.47069
44.48889: 1.299312,-1.297612,1.199743,64.89368
44.71111: 1.481691,-1.293323,1.204891,62.82046
44.93333: 1.658847,-1.290839,1.210654,58.01376
45.15556: 1.653422,-1.292786,1.210621,56.03524
45.37778: 1.654195,-1.296046,1.210469,54.9932
45.6: 1.701275,-1.288435,1.208793,53.92674
45.82222: 1.875341,-1.255918,1.207586,51.69256
46.04445: 2.06361,-1.209378,1.206605,46.78984
46.26667: 2.235647,-1.133298,1.206948,28.78707
46.48889: 2.256565,-1.094045,1.208427,359.1933
46.71111: 2.256998,-1.088945,1.213499,333.1359
46.93333: 2.261694,-1.108642,1.215356,293.5728
47.15556: 2.287744,-1.143418,1.215194,255.3523
47.37778: 2.308443,-1.163064,1.208864,226.2182
47.6: 2.318931,-1.168916,1.206375,205.9335
47.82222: 2.322423,-1.164809,1.208029,190.4028
48.04445: 2.343173,-1.193069,1.208468,180.1921
48.26667: 2.410186,-1.332798,1.214756,176.2597
48.48889: 2.432431,-1.47729,1.230795,178.2679
48.71111: 2.448455,-1.617914,1.236694,178.1881
48.93333: 2.463057,-1.758817,1.237466,179.8634
49.15556: 2.468499,-1.914187,1.233168,182.6861
49.37778: 2.465971,-2.082759,1.227182,190.754
49.6: 2.448257,-2.183557,1.224312,215.1163
49.82222: 2.432732,-2.175913,1.227065,240.6684
50.04445: 2.420488,-2.175131,1.225212,251.8442
50.26667: 2.419288,-2.159607,1.222825,269.2935
50.48889: 2.471487,-2.003498,1.220123,295.6167
50.71111: 2.568944,-1.885184,1.212668,317.9201
50.93333: 2.656229,-1.750765,1.214388,327.424
51.15556: 2.694776,-1.57882,1.2133,327.7853
51.37778: 2.678338,-1.392141,1.210429,325.5703
51.6: 2.65342,-1.206156,1.208168,323.4419
51.82222: 2.598526,-1.049844,1.211431,308.2431
52.04445: 2.470105,-0.9468423,1.210472,278.3219
52.26667: 2.321377,-0.9103849,1.205976,268.4994
52.48889: 2.187609,-0.8569315,1.20387,278.146
52.71111: 2.176679,-0.6816375,1.208409,299.7832
52.93333: 2.263271,-0.4877402,1.207789,312.7984
53.15556: 2.298848,-0.2986208,1.209178,311.6415
53.37778: 2.275925,-0.1252897,1.208083,309.4788
53.6: 2.229234,0.06508136,1.209289,305.6868
53.82222: 2.160078,0.2411731,1.207552,299.666
54.04445: 2.060282,0.3786284,1.208689,293.1609
54.26667: 1.938101,0.4897555,1.205907,289.192
54.48889: 1.804588,0.5753811,1.202956,285.171
54.71111: 1.681885,0.6253573,1.207182,282.0531
54.93333: 1.587315,0.6409984,1.211934,280.2488
55.15556: 1.498693,0.6451236,1.21291,278.7028
Trail Result: Success object: watermelon | Time Spent: -2.147484E+09
Trail No.:0 Ends
Trail No.:3 Begins
User confirmed on object: mushroom - Start, this maze officially starts.
80.26667: 2.11563,-2.497441,1.234437,253.5403
80.48889: 2.108539,-2.48646,1.232645,255.5515
80.71111: 2.092008,-2.479573,1.229472,258.2838
80.93333: 2.07794,-2.469005,1.230402,260.6395
81.15556: 2.07142,-2.461892,1.232711,260.1446
81.37778: 2.068024,-2.462367,1.229707,258.6293
81.6: 2.06878,-2.46938,1.222425,256.8899
81.82223: 2.068414,-2.480295,1.21918,254.8247
82.04445: 2.068192,-2.485772,1.217062,253.6329
82.26667: 2.071579,-2.487185,1.220901,252.848
82.48889: 2.102485,-2.495537,1.24342,244.8399
82.71111: 2.118813,-2.488789,1.24242,245.5035
82.93333: 2.122099,-2.486504,1.242001,248.6956
83.15556: 2.178837,-2.468915,1.240715,260.0404
83.37778: 2.292759,-2.412483,1.23758,269.6767
83.6: 2.390081,-2.319741,1.232816,275.8788
83.82223: 2.461321,-2.208473,1.227853,270.3596
84.04445: 2.496037,-2.067024,1.223076,271.3355
84.26667: 2.466662,-1.889813,1.218308,272.2996
84.48889: 2.41994,-1.735791,1.218769,263.3962
84.71111: 2.370986,-1.58577,1.219392,242.4994
84.93333: 2.293448,-1.435484,1.217728,235.3396
85.15556: 2.1586,-1.308195,1.217968,235.2134
85.37778: 1.991441,-1.223667,1.215619,241.1363
85.6: 1.809808,-1.160129,1.212296,253.2166
85.82223: 1.617312,-1.114037,1.207692,264.7249
86.04445: 1.44987,-1.067953,1.20464,268.8894
86.26667: 1.26871,-1.014198,1.203223,268.2667
86.48889: 1.085115,-0.9647014,1.203763,262.5318
86.71111: 0.9129747,-0.9217321,1.207431,246.7891
86.93333: 0.7352412,-0.888909,1.209697,220.9016
87.15556: 0.5551618,-0.8467724,1.205759,206.1987
87.37778: 0.369574,-0.8006363,1.203201,198.9819
87.6: 0.2035134,-0.7582814,1.201736,192.5296
87.82223: 0.03224754,-0.7075447,1.199735,184.4918
88.04445: -0.1427039,-0.6383714,1.199901,178.9651
88.26667: -0.3212172,-0.5643769,1.199459,177.5738
88.48889: -0.5096248,-0.4948421,1.199408,181.3587
88.71111: -0.7130902,-0.4367524,1.199733,209.6217
88.93333: -0.9012347,-0.3981327,1.206017,220.645
89.15556: -1.066633,-0.3929785,1.205147,214.5208
89.37778: -1.214513,-0.4265411,1.204312,207.3132
89.6: -1.390074,-0.4451748,1.203917,204.6194
89.82223: -1.570086,-0.4676515,1.20385,199.4469
90.04445: -1.734472,-0.534852,1.203075,195.4779
90.26667: -1.864856,-0.654272,1.200715,191.6945
90.48889: -1.982214,-0.8074927,1.198039,189.0679
90.71111: -2.066249,-0.9593253,1.195907,187.4182
90.93333: -2.144749,-1.111886,1.194553,182.6527
91.15556: -2.227493,-1.245088,1.195358,175.1531
91.37778: -2.353265,-1.342471,1.187707,170.3459
91.6: -2.481735,-1.3837,1.186478,168.3358
91.82223: -2.501872,-1.370653,1.187456,187.287
92.04445: -2.538842,-1.288283,1.188744,254.7094
92.26667: -2.491407,-1.166707,1.195186,311.8987
92.48889: -2.48887,-1.07107,1.190763,331.2284
92.71111: -2.508821,-0.9270636,1.192342,346.7202
92.93333: -2.511077,-0.7594693,1.193189,357.8078
93.15556: -2.495935,-0.5993018,1.193966,3.215051
93.37778: -2.475464,-0.4389263,1.193192,5.797384
93.6: -2.470285,-0.2896027,1.18685,3.642003
93.82223: -2.469957,-0.15438,1.186197,3.471959
94.04445: -2.477837,-0.03127545,1.188403,3.011172
94.26667: -2.478772,0.09781861,1.187817,3.007644
94.48889: -2.473748,0.2237348,1.187912,2.704521
94.71111: -2.466289,0.3580474,1.189179,1.965301
94.93333: -2.4553,0.5016382,1.188894,1.910375
95.15556: -2.443599,0.6475863,1.188526,2.340921
95.37778: -2.433168,0.7967021,1.189878,3.259414
95.60001: -2.423572,0.9391941,1.190448,4.962025
95.82223: -2.416769,1.091711,1.189995,6.733985
96.04445: -2.411816,1.247118,1.189435,9.605688
96.26667: -2.39833,1.394767,1.190261,14.05687
96.48889: -2.381104,1.538148,1.192046,18.16505
96.71111: -2.357678,1.680789,1.194713,21.49038
96.93333: -2.332417,1.819671,1.195552,27.24751
97.15556: -2.310914,1.936346,1.198116,35.21843
97.37778: -2.264881,2.049407,1.198819,40.15795
97.60001: -2.188651,2.1411,1.199293,43.4607
97.82223: -2.16469,2.161037,1.199802,41.39861
98.04445: -2.165688,2.150571,1.202096,40.2225
Trail Result: Success object: Hambuger - Target | Time Spent: 18.14482
Trail No.:3 Ends
Trail No.:2 Begins
User confirmed on object: watermelon - Start, this maze officially starts.
115.2: 1.469547,0.9708562,1.220474,265.8638
115.4222: 1.468963,0.967277,1.220451,265.6352
115.6444: 1.472574,0.9630318,1.227553,264.2985
115.8667: 1.515532,0.9668503,1.244115,263.6767
116.0889: 1.670745,0.9651848,1.240233,266.606
116.3111: 1.861678,0.9678164,1.237197,270.1052
116.5333: 2.020033,1.013316,1.233181,271.7926
116.7556: 2.15649,1.082712,1.227994,271.6486
116.9778: 2.276183,1.168736,1.223532,271.1934
117.2: 2.345545,1.291149,1.22109,266.3188
117.4222: 2.36942,1.463001,1.217439,271.888
117.6444: 2.364228,1.65492,1.213948,284.0293
117.8667: 2.33684,1.852564,1.208865,295.4585
118.0889: 2.298954,2.042371,1.204916,302.3672
118.3111: 2.271068,2.190557,1.206859,297.0853
118.5333: 2.277282,2.173607,1.212319,286.3517
118.7556: 2.287257,2.111181,1.216427,261.0516
118.9778: 2.300055,1.90597,1.21468,241.28
119.2: 2.353269,1.720125,1.214067,231.593
119.4222: 2.408104,1.537154,1.211312,233.1423
119.6444: 2.460523,1.366008,1.209385,239.59
119.8667: 2.497418,1.1948,1.208803,246.3546
120.0889: 2.523792,1.016345,1.207007,247.8353
120.3111: 2.550099,0.8251854,1.205825,251.8447
120.5333: 2.571513,0.6310984,1.210017,258.0251
120.7556: 2.587552,0.4350547,1.212832,260.0118
120.9778: 2.580494,0.2627424,1.208759,249.9561
121.2: 2.554855,0.08553648,1.204672,234.3065
121.4222: 2.524597,-0.09181225,1.199615,219.5061
121.6444: 2.502042,-0.2506456,1.197256,206.6502
121.8667: 2.467305,-0.4176246,1.196061,206.1248
122.0889: 2.42474,-0.580025,1.19479,208.2808
122.3111: 2.376083,-0.7390754,1.194425,209.7839
122.5333: 2.326196,-0.897427,1.194771,210.213
122.7556: 2.282017,-1.062373,1.19628,210.9227
122.9778: 2.291898,-1.253512,1.197203,211.9593
123.2: 2.313567,-1.441564,1.197726,214.4247
123.4222: 2.325099,-1.639835,1.197853,216.3703
123.6444: 2.330443,-1.823362,1.200503,221.4722
123.8667: 2.325059,-2.01251,1.206324,228.7761
124.0889: 2.298657,-2.201826,1.208125,233.6749
124.3111: 2.249849,-2.384131,1.212156,241.0013
124.5333: 2.171068,-2.5232,1.212118,249.3096
124.7556: 2.147071,-2.53375,1.211483,253.858
Trail Result: Fail at object: mushroom | Time Spent: 9.981697
Trail No.:2 Ends
Participant Name: 
Participant Gender: 
Participant ID: 
Test Date: 
Maze Mode: testing
Trail No.:2 Begins
Participant Name: 
Participant Gender: 
Participant ID: 
Test Date: 
Maze Mode: testing
Participant Name: 
Participant Gender: 
Participant ID: 
Test Date: 
Maze Mode: testing
Participant Name: 
Participant Gender: 
Participant ID: 
Test Date: 
Maze Mode: testing
Participant Name: 
Participant Gender: 
Participant ID: 
Test Date: 
Maze Mode: testing
Trail No.:3 Begins
User confirmed on object: mushroom - Start, this maze officially starts.
15.58: 0,0,0,0
15.98: 0,0,0,0
16.38: 0,0,0,0
16.78: 0,0,0,0
17.18: 0,0,0,0
17.58: 0,0,0,0
17.98: 0,0,0,0
18.38: 0,0,0,0
18.78: 0,0,0,0
19.18: 0,0,0,0
19.58: 0,0,0,0
19.98: 0,0,0,0
20.38: 0,0,0,0
20.78: 0,0,0,0
21.18: 0,0,0,0
21.58: 0,0,0,0
21.98: 0,0,0,0
22.38: 0,0,0,0
22.78: 0,0,0,0
23.18: 0,0,0,0
23.58: 0,0,0,0
23.98: 0,0,0,0
Trail Result: Fail at object: apple | Time Spent: 9.014236
Trail No.:3 Ends
Trail No.:2 Begins
User confirmed on object: watermelon - Start, this maze officially starts.
48.12: 0,0,0,0
48.52: 0,0,0,0
48.92: 0,0,0,0
49.32: 0,0,0,0
49.72: 0,0,0,0
50.12: 0,0,0,0
50.52: 0,0,0,0
50.92: 0,0,0,0
51.32: 0,0,0,0
51.72: 0,0,0,0
52.12: 0,0,0,0
52.52: 0,0,0,0
52.92: 0,0,0,0
53.32: 0,0,0,0
Trail Result: Fail at object: mushroom | Time Spent: 5.691143
Trail No.:2 Ends
Trail No.:1 Begins
User confirmed on object: apple - Start Object, this maze officially starts.
72.22: 0,0,0,0
72.62: 0,0,0,0
73.02: 0,0,0,0
73.42: 0,0,0,0
73.82: 0,0,0,0
74.22: 0,0,0,0
74.62: 0,0,0,0
75.02: 0,0,0,0
75.42: 0,0,0,0
75.82: 0,0,0,0
76.22: 0,0,0,0
76.62: 0,0,0,0
77.02: 0,0,0,0
77.42: 0,0,0,0
77.82: 0,0,0,0
Trail Result: Fail at object: Hambuger | Time Spent: 6.368225
Trail No.:1 Ends
Participant Name: 
Participant Gender: 
Participant ID: 
Test Date: 
Maze Mode: testing
Trail No.:3 Begins
User confirmed on object: mushroom - Start, this maze officially starts.
12.06: 0,0,0,0
12.46: 0,0,0,0
12.86: 0,0,0,0
13.26: 0,0,0,0
13.66: 0,0,0,0
14.06: 0,0,0,0
14.46: 0,0,0,0
14.86: 0,0,0,0
15.26: 0,0,0,0
15.66: 0,0,0,0
16.06: 0,0,0,0
16.46: 0,0,0,0
16.86: 0,0,0,0
17.26: 0,0,0,0
17.66: 0,0,0,0
18.06: 0,0,0,0
18.46: 0,0,0,0
18.86: 0,0,0,0
19.26: 0,0,0,0
Trail Result: Fail at object: watermelon | Time Spent: 7.838867
Trail No.:3 Ends
Participant Name: 
Participant Gender: 
Participant ID: 
Test Date: 
Maze Mode: testing
Trail No.:1 Begins
User confirmed on object: apple - Start Object, this maze officially starts.
17.76: 0,0,0,0
18.16: 0,0,0,0
18.56: 0,0,0,0
18.96: 0,0,0,0
19.36: 0,0,0,0
19.76: 0,0,0,0
20.16: 0,0,0,0
20.56: 0,0,0,0
20.96: 0,0,0,0
Trail Result: Fail at object: mushroom | Time Spent: 3.861813
Trail No.:1 Ends
Participant Name: 
Participant Gender: 
Participant ID: 
Test Date: 
Maze Mode: testing
Trail No.:3 Begins
User confirmed on object: mushroom - Start, this maze officially starts.
11.1: 0,0,0,0
11.5: 0,0,0,0
11.9: 0,0,0,0
12.3: 0,0,0,0
12.7: 0,0,0,0
13.1: 0,0,0,0
13.5: 0,0,0,0
13.9: 0,0,0,0
14.3: 0,0,0,0
14.7: 0,0,0,0
15.1: 0,0,0,0
15.5: 0,0,0,0
15.9: 0,0,0,0
16.3: 0,0,0,0
16.7: 0,0,0,0
17.1: 0,0,0,0
17.5: 0,0,0,0
17.9: 0,0,0,0
18.3: 0,0,0,0
18.7: 0,0,0,0
19.1: 0,0,0,0
19.5: 0,0,0,0
Trail Result: Fail at object: watermelon | Time Spent: 9.013405
Trail No.:3 Ends
Trail No.:2 Begins
User confirmed on object: watermelon - Start, this maze officially starts.
38.26: 0,0,0,0
38.66: 0,0,0,0
39.06: 0,0,0,0
39.46: 0,0,0,0
39.86: 0,0,0,0
40.26: 0,0,0,0
40.66: 0,0,0,0
41.06: 0,0,0,0
41.46: 0,0,0,0
41.86: 0,0,0,0
42.26: 0,0,0,0
42.66: 0,0,0,0
43.06: 0,0,0,0
43.46: 0,0,0,0
43.86: 0,0,0,0
Trail Result: Fail at object: mushroom | Time Spent: 6.11768
Trail No.:2 Ends
Participant Name: 
Participant Gender: 
Participant ID: 
Test Date: 
Maze Mode: testing
Trail No.:1 Begins
User confirmed on object: apple - Start Object, this maze officially starts.
9.74: 0,0,0,0
10.14: 0,0,0,0
10.54: 0,0,0,0
10.94: 0,0,0,0
11.34: 0,0,0,0
11.74: 0,0,0,0
12.14: 0,0,0,0
12.54: 0,0,0,0
12.94: 0,0,0,0
13.34: 0,0,0,0
Trail Result: Fail at object: Hambuger | Time Spent: 4.146816
Trail No.:1 Ends
Participant Name: 
Participant Gender: 
Participant ID: 
Test Date: 
Maze Mode: testing
Trail No.:2 Begins
User confirmed on object: watermelon - Start, this maze officially starts.
12.04: 0,0,0,0
12.44: 0,0,0,0
12.84: 0,0,0,0
13.24: 0,0,0,0
13.64: 0,0,0,0
14.04: 0,0,0,0
14.44: 0,0,0,0
14.84: 0,0,0,0
15.24: 0,0,0,0
15.64: 0,0,0,0
Trail Result: Fail at object: mushroom | Time Spent: 4.301399
Trail No.:2 Ends
Participant Name: 
Participant Gender: 
Participant ID: 
Test Date: 
Maze Mode: testing
Trail No.:1 Begins
User confirmed on object: apple - Start Object, this maze officially starts.
9.52: 0,0,0,0
9.92: 0,0,0,0
10.32: 0,0,0,0
10.72: 0,0,0,0
11.12: 0,0,0,0
11.52: 0,0,0,0
11.92: 0,0,0,0
12.32: 0,0,0,0
Trail Result: Success object: banana - True Target | Time Spent: 3.37994
Trail No.:1 Ends
Participant Name: 
Participant Gender: 
Participant ID: 
Test Date: 
Maze Mode: testing
Trail No.:3 Begins
User confirmed on object: mushroom - Start, this maze officially starts.
11.16: 0,0,0,0
11.56: 0,0,0,0
11.96: 0,0,0,0
12.36: 0,0,0,0
12.76: 0,0,0,0
13.16: 0,0,0,0
13.56: 0,0,0,0
13.96: 0,0,0,0
14.36: 0,0,0,0
Trail Result: Fail at object: watermelon | Time Spent: 3.911606
Trail No.:3 Ends
Trail No.:1 Begins
User confirmed on object: apple - Start Object, this maze officially starts.
30.1: 0,0,0,0
30.5: 0,0,0,0
30.9: 0,0,0,0
31.3: 0,0,0,0
31.7: 0,0,0,0
32.1: 0,0,0,0
32.5: 0,0,0,0
32.9: 0,0,0,0
33.3: 0,0,0,0
33.7: 0,0,0,0
34.1: 0,0,0,0
Trail Result: Success object: banana - True Target | Time Spent: 4.512882
Trail No.:1 Ends
Participant Name: 
Participant Gender: 
Participant ID: 
Test Date: 
Maze Mode: testing
Trail No.:3 Begins
User confirmed on object: mushroom - Start, this maze officially starts.
14.62: 0,0,0,0
15.02: 0,0,0,0
15.42: 0,0,0,0
15.82: 0,0,0,0
16.22: 0,0,0,0
16.62: 0,0,0,0
17.02: 0,0,0,0
17.42: 0,0,0,0
17.82: 0,0,0,0
18.22: 0,0,0,0
18.62: 0,0,0,0
19.02: 0,0,0,0
19.42: 0,0,0,0
19.82: 0,0,0,0
20.22: 0,0,0,0
20.62: 0,0,0,0
21.02: 0,0,0,0
Trail Result: Fail at object: grape | Time Spent: 7.185375
Trail No.:3 Ends
Participant Name: 
Participant Gender: 
Participant ID: 
Test Date: 
Maze Mode: testing
Trail No.:1 Begins
User confirmed on object: apple - Start Object, this maze officially starts.
14.92: 0,0,0,0
15.32: 0,0,0,0
15.72: 0,0,0,0
16.12: 0,0,0,0
16.52: 0,0,0,0
16.92: 0,0,0,0
17.32: 0,0,0,0
Trail Result: Success object: banana - True Target | Time Spent: 3.13681
Trail No.:1 Ends
Participant Name: 
Participant Gender: 
Participant ID: 
Test Date: 
Maze Mode: testing
Trail No.:3 Begins
User confirmed on object: mushroom - Start, this maze officially starts.
11.24: 0,0,0,0
11.64: 0,0,0,0
12.04: 0,0,0,0
12.44: 0,0,0,0
12.84: 0,0,0,0
13.24: 0,0,0,0
13.64: 0,0,0,0
14.04: 0,0,0,0
14.44: 0,0,0,0
14.84: 0,0,0,0
15.24: 0,0,0,0
15.64: 0,0,0,0
16.04: 0,0,0,0
16.44: 0,0,0,0
16.84: 0,0,0,0
17.24: 0,0,0,0
17.64: 0,0,0,0
18.04: 0,0,0,0
Trail Result: Fail at object: grape | Time Spent: 7.197411
Trail No.:3 Ends
Participant Name: 
Participant Gender: 
Participant ID: 
Test Date: 
Maze Mode: testing
Trail No.:3 Begins
User confirmed on object: mushroom - Start, this maze officially starts.
11.28: 0,0,0,0
11.68: 0,0,0,0
12.08: 0,0,0,0
12.48: 0,0,0,0
12.88: 0,0,0,0
13.28: 0,0,0,0
13.68: 0,0,0,0
14.08: 0,0,0,0
14.48: 0,0,0,0
14.88: 0,0,0,0
Trail Result: Fail at object: watermelon | Time Spent: 4.354702
Trail No.:3 Ends
Participant Name: 
Participant Gender: 
Participant ID: 
Test Date: 
Maze Mode: testing
Trail No.:3 Begins
User confirmed on object: mushroom - Start, this maze officially starts.
10.46: 0,0,0,0
10.86: 0,0,0,0
11.26: 0,0,0,0
11.66: 0,0,0,0
12.06: 0,0,0,0
12.46: 0,0,0,0
12.86: 0,0,0,0
13.26: 0,0,0,0
13.66: 0,0,0,0
14.06: 0,0,0,0
14.46: 0,0,0,0
Trail Result: Fail at object: watermelon | Time Spent: 4.774101
Trail No.:3 Ends
Participant Name: 
Participant Gender: 
Participant ID: 
Test Date: 
Maze Mode: testing
Trail No.:2 Begins
User confirmed on object: watermelon - Start, this maze officially starts.
9.38: 0,0,0,0
9.78: 0,0,0,0
10.18: 0,0,0,0
10.58: 0,0,0,0
10.98: 0,0,0,0
11.38: 0,0,0,0
11.78: 0,0,0,0
12.18: 0,0,0,0
12.58: 0,0,0,0
12.98: 0,0,0,0
13.38: 0,0,0,0
13.78: 0,0,0,0
14.18: 0,0,0,0
Trail Result: Fail at object: grape | Time Spent: 5.456509
Trail No.:2 Ends
Participant Name: 
Participant Gender: 
Participant ID: 
Test Date: 
Maze Mode: testing
Trail No.:3 Begins
User confirmed on object: mushroom - Start, this maze officially starts.
44.1: 0,0,0,0
44.5: 0,0,0,0
44.9: 0,0,0,0
45.3: 0,0,0,0
45.7: 0,0,0,0
46.1: 0,0,0,0
46.5: 0,0,0,0
46.9: 0,0,0,0
47.3: 0,0,0,0
Trail Result: Fail at object: watermelon | Time Spent: 3.971687
Trail No.:3 Ends
Participant Name: 
Participant Gender: 
Participant ID: 
Test Date: 
Maze Mode: testing
Trail No.:1 Begins
User confirmed on object: apple - Start Object, this maze officially starts.
14.14: 0,0,0,0
14.54: 0,0,0,0
14.94: 0,0,0,0
15.34: 0,0,0,0
15.74: 0,0,0,0
16.14: 0,0,0,0
16.54: 0,0,0,0
16.94: 0,0,0,0
Trail Result: Success object: banana - True Target | Time Spent: 3.553173
Trail No.:1 Ends
Trail No.:3 Begins
User confirmed on object: mushroom - Start, this maze officially starts.
29.14: 0,0,0,0
29.54: 0,0,0,0
29.94: 0,0,0,0
30.34: 0,0,0,0
30.74: 0,0,0,0
31.14: 0,0,0,0
31.54: 0,0,0,0
31.94: 0,0,0,0
32.34: 0,0,0,0
Trail Result: Fail at object: watermelon | Time Spent: 3.769901
Trail No.:3 Ends
Participant Name: 
Participant Gender: 
Participant ID: 
Test Date: 
Maze Mode: testing
Trail No.:2 Begins
User confirmed on object: watermelon - Start, this maze officially starts.
14.12: 0,0,0,0
14.52: 0,0,0,0
14.92: 0,0,0,0
15.32: 0,0,0,0
15.72: 0,0,0,0
16.12: 0,0,0,0
16.52: 0,0,0,0
16.92: 0,0,0,0
17.32: 0,0,0,0
Trail Result: Fail at object: mushroom | Time Spent: 3.747181
Trail No.:2 Ends
Participant Name: 
Participant Gender: 
Participant ID: 
Test Date: 
Maze Mode: testing
Trail No.:2 Begins
User confirmed on object: watermelon - Start, this maze officially starts.
40.47778: 0,0,0,0
40.7: 0,0,0,0
40.92222: 0,0,0,0
41.14445: 0,0,0,0
41.36667: 0,0,0,0
41.58889: 0,0,0,0
41.81111: 0,0,0,0
42.03333: 0,0,0,0
42.25556: 0,0,0,0
42.47778: 0,0,0,0
42.7: 0,0,0,0
42.92222: 0,0,0,0
43.14445: 0,0,0,0
43.36667: 0,0,0,0
43.58889: 0,0,0,0
43.81111: 0,0,0,0
Participant Name: 
Participant Gender: 
Participant ID: 
Test Date: 
Maze Mode: testing
